T 0 3 0 0 0
T 1 1 0 0 0
T 2 7 0 0 0
T 3 2 0 0 0
T 4 1 0 0 0
T 5 19 0 6 0
E 5 1 -4 -13
E 5 2 -4 -13
E 5 3 -4 -13
E 5 4 -4 -13
E 5 5 -4 -13
E 5 6 -4 -13
T 6 13 0 7 0
E 6 0 8 26
E 6 1 6 18
E 6 2 5 17
E 6 3 5 17
E 6 4 5 17
E 6 5 5 17
E 6 6 5 17
T 7 41 0 7 0
E 7 0 -5 -17
E 7 1 -8 -25
E 7 2 -9 -28
E 7 3 -9 -28
E 7 4 -9 -28
E 7 5 -9 -28
E 7 6 -9 -28
T 8 36 0 7 0
E 8 0 15 47
E 8 1 13 39
E 8 2 11 35
E 8 3 11 35
E 8 4 11 35
E 8 5 11 35
E 8 6 11 35
T 9 70 0 7 0
E 9 0 -11 -35
E 9 1 -14 -43
E 9 2 -16 -49
E 9 3 -16 -49
E 9 4 -16 -49
E 9 5 -16 -49
E 9 6 -16 -49
T 10 67 0 7 0
E 10 0 24 73
E 10 1 21 65
E 10 2 19 57
E 10 3 19 57
E 10 4 19 57
E 10 5 19 57
E 10 6 19 57
T 11 107 0 7 0
E 11 0 -20 -60
E 11 1 -22 -68
E 11 2 -25 -76
E 11 3 -25 -77
E 11 4 -25 -77
E 11 5 -25 -77
E 11 6 -25 -77
T 12 111 0 7 0
E 12 0 36 109
E 12 1 33 101
E 12 2 31 93
E 12 3 30 90
E 12 4 30 90
E 12 5 30 90
E 12 6 30 90
T 13 179 0 7 0
E 13 0 -37 -111
E 13 1 -39 -119
E 13 2 -42 -127
E 13 3 -43 -131
E 13 4 -43 -131
E 13 5 -43 -131
E 13 6 -43 -131
T 14 207 0 7 0
E 14 0 61 185
E 14 1 59 177
E 14 2 56 169
E 14 3 54 163
E 14 4 54 163
E 14 5 54 163
E 14 6 54 163
T 15 315 0 7 0
E 15 0 -69 -209
E 15 1 -72 -217
E 15 2 -75 -225
E 15 3 -77 -233
E 15 4 -77 -233
E 15 5 -77 -233
E 15 6 -77 -233
T 16 379 0 7 0
E 16 0 105 317
E 16 1 103 309
E 16 2 100 301
E 16 3 97 293
E 16 4 97 292
E 16 5 97 292
E 16 6 97 292
T 17 542 0 7 0
E 17 0 -125 -376
E 17 1 -128 -384
E 17 2 -130 -392
E 17 3 -133 -400
E 17 4 -134 -403
E 17 5 -134 -403
E 17 6 -134 -403
T 18 676 0 7 0
E 18 0 180 542
E 18 1 178 534
E 18 2 175 526
E 18 3 172 518
E 18 4 171 514
E 18 5 171 514
E 18 6 171 514
T 19 937 0 7 0
E 19 0 -223 -669
E 19 1 -225 -677
E 19 2 -228 -685
E 19 3 -231 -693
E 19 4 -233 -699
E 19 5 -233 -699
E 19 6 -233 -699
T 20 1202 0 7 0
E 20 0 313 940
E 20 1 310 932
E 20 2 308 924
E 20 3 305 916
E 20 4 302 908
E 20 5 302 908
E 20 6 302 908
T 21 1640 0 7 0
E 21 0 -398 -1195
E 21 1 -401 -1203
E 21 2 -403 -1211
E 21 3 -406 -1219
E 21 4 -409 -1227
E 21 5 -409 -1228
E 21 6 -409 -1228
T 22 2139 0 7 0
E 22 0 547 1643
E 22 1 545 1635
E 22 2 542 1627
E 22 3 539 1619
E 22 4 537 1611
E 22 5 536 1608
E 22 6 536 1608
T 23 2890 0 7 0
E 23 0 -710 -2132
E 23 1 -713 -2140
E 23 2 -716 -2148
E 23 3 -718 -2156
E 23 4 -721 -2164
E 23 5 -722 -2168
E 23 6 -722 -2168
T 24 3798 0 7 0
E 24 0 963 2889
E 24 1 960 2881
E 24 2 957 2873
E 24 3 955 2865
E 24 4 952 2857
E 24 5 950 2851
E 24 6 950 2851
T 25 5111 0 7 0
E 25 0 -1265 -3795
E 25 1 -1267 -3803
E 25 2 -1270 -3811
E 25 3 -1273 -3819
E 25 4 -1275 -3827
E 25 5 -1278 -3835
E 25 6 -1278 -3835
T 26 6759 0 7 0
E 26 0 1703 5111
E 26 1 1701 5103
E 26 2 1698 5095
E 26 3 1695 5087
E 26 4 1693 5079
E 26 5 1690 5071
E 26 6 1690 5070
T 27 9065 0 7 0
E 27 0 -2253 -6760
E 27 1 -2256 -6768
E 27 2 -2258 -6776
E 27 3 -2261 -6784
E 27 4 -2264 -6792
E 27 5 -2266 -6800
E 27 6 -2267 -6803
T 28 12034 0 7 0
E 28 0 3022 9068
E 28 1 3020 9060
E 28 2 3017 9052
E 28 3 3014 9044
E 28 4 3012 9036
E 28 5 3009 9028
E 28 6 3008 9024
T 29 16102 0 7 0
E 29 0 -4012 -12037
E 29 1 -4015 -12045
E 29 2 -4017 -12053
E 29 3 -4020 -12061
E 29 4 -4023 -12069
E 29 5 -4025 -12077
E 29 6 -4027 -12083
T 30 21414 0 7 0
E 30 0 5368 16104
E 30 1 5365 16096
E 30 2 5362 16088
E 30 3 5360 16080
E 30 4 5357 16072
E 30 5 5354 16064
E 30 6 5352 16056
T 31 28604 0 7 0
E 31 0 -7137 -21413
E 31 1 -7140 -21421
E 31 2 -7143 -21429
E 31 3 -7145 -21437
E 31 4 -7148 -21445
E 31 5 -7151 -21453
E 31 6 -7153 -21461
T 32 38078 0 7 0
E 32 0 9534 28602
E 32 1 9531 28594
E 32 2 9528 28586
E 32 3 9526 28578
E 32 4 9523 28570
E 32 5 9520 28562
E 32 6 9518 28554
T 33 50819 0 7 0
E 33 0 -12691 -38074
E 33 1 -12694 -38082
E 33 2 -12696 -38090
E 33 3 -12699 -38098
E 33 4 -12702 -38106
E 33 5 -12704 -38114
E 33 6 -12707 -38122
T 34 67708 0 7 0
E 34 0 16941 50825
E 34 1 16939 50817
E 34 2 16936 50809
E 34 3 16933 50801
E 34 4 16931 50793
E 34 5 16928 50785
E 34 6 16925 50777
T 35 90323 0 7 0
E 35 0 -22567 -67702
E 35 1 -22570 -67710
E 35 2 -22572 -67718
E 35 3 -22575 -67726
E 35 4 -22578 -67734
E 35 5 -22580 -67742
E 35 6 -22583 -67750
T 36 120379 0 7 0
E 36 0 30109 90328
E 36 1 30106 90320
E 36 2 30104 90312
E 36 3 30101 90304
E 36 4 30098 90296
E 36 5 30096 90288
E 36 6 30093 90280
T 37 160554 0 7 0
E 37 0 -40125 -120375
E 37 1 -40127 -120383
E 37 2 -40130 -120391
E 37 3 -40133 -120399
E 37 4 -40135 -120407
E 37 5 -40138 -120415
E 37 6 -40141 -120423
T 38 214015 0 7 0
E 38 0 53518 160555
E 38 1 53515 160547
E 38 2 53513 160539
E 38 3 53510 160531
E 38 4 53507 160523
E 38 5 53505 160515
E 38 6 53502 160507
T 39 285408 0 7 0
E 39 0 -71338 -214016
E 39 1 -71341 -214024
E 39 2 -71344 -214032
E 39 3 -71346 -214040
E 39 4 -71349 -214048
E 39 5 -71352 -214056
E 39 6 -71354 -214064
T 40 380495 0 7 0
E 40 0 95138 285415
E 40 1 95135 285407
E 40 2 95133 285399
E 40 3 95130 285391
E 40 4 95127 285383
E 40 5 95125 285375
E 40 6 95122 285367
T 41 507384 0 7 0
E 41 0 -126832 -380498
E 41 1 -126835 -380506
E 41 2 -126838 -380514
E 41 3 -126840 -380522
E 41 4 -126843 -380530
E 41 5 -126846 -380538
E 41 6 -126848 -380546
T 42 676458 0 7 0
E 42 0 169129 507387
E 42 1 169126 507379
E 42 2 169123 507371
E 42 3 169121 507363
E 42 4 169118 507355
E 42 5 169115 507347
E 42 6 169113 507339
T 43 901992 0 7 0
E 43 0 -225484 -676454
E 43 1 -225487 -676462
E 43 2 -225490 -676470
E 43 3 -225492 -676478
E 43 4 -225495 -676486
E 43 5 -225498 -676494
E 43 6 -225500 -676502
T 44 1202599 0 7 0
E 44 0 300664 901993
E 44 1 300661 901985
E 44 2 300659 901977
E 44 3 300656 901969
E 44 4 300653 901961
E 44 5 300651 901953
E 44 6 300648 901945
T 45 1603518 0 7 0
E 45 0 -400866 -1202598
E 45 1 -400868 -1202606
E 45 2 -400871 -1202614
E 45 3 -400874 -1202622
E 45 4 -400876 -1202630
E 45 5 -400879 -1202638
E 45 6 -400882 -1202646
T 46 2137970 0 7 0
E 46 0 534507 1603521
E 46 1 534504 1603513
E 46 2 534501 1603505
E 46 3 534499 1603497
E 46 4 534496 1603489
E 46 5 534493 1603481
E 46 6 534491 1603473
T 47 2850679 0 7 0
E 47 0 -712656 -2137969
E 47 1 -712659 -2137977
E 47 2 -712661 -2137985
E 47 3 -712664 -2137993
E 47 4 -712667 -2138001
E 47 5 -712669 -2138009
E 47 6 -712672 -2138017
T 48 3800848 0 7 0
E 48 0 950226 2850680
E 48 1 950224 2850672
E 48 2 950221 2850664
E 48 3 950218 2850656
E 48 4 950216 2850648
E 48 5 950213 2850640
E 48 6 950210 2850632
T 49 5067855 0 7 0
E 49 0 -1266950 -3800851
E 49 1 -1266953 -3800859
E 49 2 -1266955 -3800867
E 49 3 -1266958 -3800875
E 49 4 -1266961 -3800883
E 49 5 -1266963 -3800891
E 49 6 -1266966 -3800899
T 50 6757082 0 7 0
E 50 0 1689285 5067855
E 50 1 1689282 5067847
E 50 2 1689279 5067839
E 50 3 1689277 5067831
E 50 4 1689274 5067823
E 50 5 1689271 5067815
E 50 6 1689269 5067807
T 51 9009488 0 7 0
E 51 0 -2252358 -6757076
E 51 1 -2252361 -6757084
E 51 2 -2252364 -6757092
E 51 3 -2252366 -6757100
E 51 4 -2252369 -6757108
E 51 5 -2252372 -6757116
E 51 6 -2252374 -6757124
T 52 12012598 0 7 0
E 52 0 3003164 9009492
E 52 1 3003161 9009484
E 52 2 3003158 9009476
E 52 3 3003156 9009468
E 52 4 3003153 9009460
E 52 5 3003150 9009452
E 52 6 3003148 9009444
T 53 16016858 0 7 0
E 53 0 -4004201 -12012603
E 53 1 -4004203 -12012611
E 53 2 -4004206 -12012619
E 53 3 -4004209 -12012627
E 53 4 -4004211 -12012635
E 53 5 -4004214 -12012643
E 53 6 -4004217 -12012651
T 54 21355755 0 7 0
E 54 0 5338953 16016860
E 54 1 5338950 16016852
E 54 2 5338948 16016844
E 54 3 5338945 16016836
E 54 4 5338942 16016828
E 54 5 5338940 16016820
E 54 6 5338937 16016812
T 55 28474388 0 7 0
E 55 0 -7118583 -21355751
E 55 1 -7118586 -21355759
E 55 2 -7118589 -21355767
E 55 3 -7118591 -21355775
E 55 4 -7118594 -21355783
E 55 5 -7118597 -21355791
E 55 6 -7118599 -21355799
T 56 37965787 0 7 0
E 56 0 9491461 28474384
E 56 1 9491458 28474376
E 56 2 9491456 28474368
E 56 3 9491453 28474360
E 56 4 9491450 28474352
E 56 5 9491448 28474344
E 56 6 9491445 28474336
T 57 50621108 0 7 0
E 57 0 -12655263 -37965791
E 57 1 -12655266 -37965799
E 57 2 -12655269 -37965807
E 57 3 -12655271 -37965815
E 57 4 -12655274 -37965823
E 57 5 -12655277 -37965831
E 57 6 -12655279 -37965839
T 58 67494746 0 7 0
E 58 0 16873701 50621103
E 58 1 16873698 50621095
E 58 2 16873695 50621087
E 58 3 16873693 50621079
E 58 4 16873690 50621071
E 58 5 16873687 50621063
E 58 6 16873685 50621055
T 59 89993040 0 7 0
E 59 0 -22498246 -67494740
E 59 1 -22498249 -67494748
E 59 2 -22498252 -67494756
E 59 3 -22498254 -67494764
E 59 4 -22498257 -67494772
E 59 5 -22498260 -67494780
E 59 6 -22498262 -67494788
T 60 119990671 0 7 0
E 60 0 29997682 89993047
E 60 1 29997679 89993039
E 60 2 29997677 89993031
E 60 3 29997674 89993023
E 60 4 29997671 89993015
E 60 5 29997669 89993007
E 60 6 29997666 89992999
T 61 159987620 0 7 0
E 61 0 -39996891 -119990675
E 61 1 -39996894 -119990683
E 61 2 -39996897 -119990691
E 61 3 -39996899 -119990699
E 61 4 -39996902 -119990707
E 61 5 -39996905 -119990715
E 61 6 -39996907 -119990723
T 62 213316767 0 7 0
E 62 0 53329206 159987619
E 62 1 53329203 159987611
E 62 2 53329201 159987603
E 62 3 53329198 159987595
E 62 4 53329195 159987587
E 62 5 53329193 159987579
E 62 6 53329190 159987571
T 63 284422400 0 7 0
E 63 0 -71105586 -213316760
E 63 1 -71105589 -213316768
E 63 2 -71105592 -213316776
E 63 3 -71105594 -213316784
E 63 4 -71105597 -213316792
E 63 5 -71105600 -213316800
E 63 6 -71105602 -213316808
T 64 379229814 0 7 0
E 64 0 94807468 284422404
E 64 1 94807465 284422396
E 64 2 94807462 284422388
E 64 3 94807460 284422380
E 64 4 94807457 284422372
E 64 5 94807454 284422364
E 64 6 94807452 284422356
T 65 505639798 0 7 0
E 65 0 -126409936 -379229808
E 65 1 -126409938 -379229816
E 65 2 -126409941 -379229824
E 65 3 -126409944 -379229832
E 65 4 -126409946 -379229840
E 65 5 -126409949 -379229848
E 65 6 -126409952 -379229856
T 66 674186335 0 7 0
E 66 0 168546598 505639795
E 66 1 168546595 505639787
E 66 2 168546593 505639779
E 66 3 168546590 505639771
E 66 4 168546587 505639763
E 66 5 168546585 505639755
E 66 6 168546582 505639747
T 67 898915159 0 7 0
E 67 0 -224728776 -674186329
E 67 1 -224728779 -674186337
E 67 2 -224728781 -674186345
E 67 3 -224728784 -674186353
E 67 4 -224728787 -674186361
E 67 5 -224728789 -674186369
E 67 6 -224728792 -674186377
T 68 1198553491 0 7 0
E 68 0 299638387 898915162
E 68 1 299638384 898915154
E 68 2 299638382 898915146
E 68 3 299638379 898915138
E 68 4 299638376 898915130
E 68 5 299638374 898915122
E 68 6 299638371 898915114
T 69 1598071366 0 7 0
E 69 0 -399517828 -1198553484
E 69 1 -399517830 -1198553492
E 69 2 -399517833 -1198553500
E 69 3 -399517836 -1198553508
E 69 4 -399517838 -1198553516
E 69 5 -399517841 -1198553524
E 69 6 -399517844 -1198553532
T 70 2130761774 0 7 0
E 70 0 532690458 1598071374
E 70 1 532690455 1598071366
E 70 2 532690452 1598071358
E 70 3 532690450 1598071350
E 70 4 532690447 1598071342
E 70 5 532690444 1598071334
E 70 6 532690442 1598071326
T 71 2841015744 0 7 0
E 71 0 -710253922 -2130761768
E 71 1 -710253925 -2130761776
E 71 2 -710253928 -2130761784
E 71 3 -710253930 -2130761792
E 71 4 -710253933 -2130761800
E 71 5 -710253936 -2130761808
E 71 6 -710253938 -2130761816
T 72 3788020936 0 7 0
E 72 0 947005248 2841015746
E 72 1 947005246 2841015738
E 72 2 947005243 2841015730
E 72 3 947005240 2841015722
E 72 4 947005238 2841015714
E 72 5 947005235 2841015706
E 72 6 947005232 2841015698
T 73 5050694642 0 7 0
E 73 0 -1262673647 -3788020941
E 73 1 -1262673649 -3788020949
E 73 2 -1262673652 -3788020957
E 73 3 -1262673655 -3788020965
E 73 4 -1262673657 -3788020973
E 73 5 -1262673660 -3788020981
E 73 6 -1262673663 -3788020989
T 74 6734259467 0 7 0
E 74 0 1683564881 5050694644
E 74 1 1683564878 5050694636
E 74 2 1683564876 5050694628
E 74 3 1683564873 5050694620
E 74 4 1683564870 5050694612
E 74 5 1683564868 5050694604
E 74 6 1683564865 5050694596
T 75 8979012666 0 7 0
E 75 0 -2244753153 -6734259459
E 75 1 -2244753155 -6734259467
E 75 2 -2244753158 -6734259475
E 75 3 -2244753161 -6734259483
E 75 4 -2244753163 -6734259491
E 75 5 -2244753166 -6734259499
E 75 6 -2244753169 -6734259507
T 76 11972016835 0 7 0
E 76 0 2993004223 8979012670
E 76 1 2993004220 8979012662
E 76 2 2993004218 8979012654
E 76 3 2993004215 8979012646
E 76 4 2993004212 8979012638
E 76 5 2993004210 8979012630
E 76 6 2993004207 8979012622
T 77 15962689163 0 7 0
E 77 0 -3990672277 -11972016832
E 77 1 -3990672280 -11972016840
E 77 2 -3990672282 -11972016848
E 77 3 -3990672285 -11972016856
E 77 4 -3990672288 -11972016864
E 77 5 -3990672290 -11972016872
E 77 6 -3990672293 -11972016880
T 78 21283585487 0 7 0
E 78 0 5320896386 15962689159
E 78 1 5320896383 15962689151
E 78 2 5320896381 15962689143
E 78 3 5320896378 15962689135
E 78 4 5320896375 15962689127
E 78 5 5320896373 15962689119
E 78 6 5320896370 15962689111
T 79 28378114035 0 7 0
E 79 0 -7094528495 -21283585486
E 79 1 -7094528498 -21283585494
E 79 2 -7094528500 -21283585502
E 79 3 -7094528503 -21283585510
E 79 4 -7094528506 -21283585518
E 79 5 -7094528508 -21283585526
E 79 6 -7094528511 -21283585534
T 80 37837485331 0 7 0
E 80 0 9459371347 28378114042
E 80 1 9459371344 28378114034
E 80 2 9459371342 28378114026
E 80 3 9459371339 28378114018
E 80 4 9459371336 28378114010
E 80 5 9459371334 28378114002
E 80 6 9459371331 28378113994
T 81 50449980492 0 7 0
E 81 0 -12612495109 -37837485329
E 81 1 -12612495112 -37837485337
E 81 2 -12612495115 -37837485345
E 81 3 -12612495117 -37837485353
E 81 4 -12612495120 -37837485361
E 81 5 -12612495123 -37837485369
E 81 6 -12612495125 -37837485377
T 82 67266640595 0 7 0
E 82 0 16816660163 50449980490
E 82 1 16816660160 50449980482
E 82 2 16816660158 50449980474
E 82 3 16816660155 50449980466
E 82 4 16816660152 50449980458
E 82 5 16816660150 50449980450
E 82 6 16816660147 50449980442
T 83 89688854176 0 7 0
E 83 0 -22422213530 -67266640592
E 83 1 -22422213533 -67266640600
E 83 2 -22422213536 -67266640608
E 83 3 -22422213538 -67266640616
E 83 4 -22422213541 -67266640624
E 83 5 -22422213544 -67266640632
E 83 6 -22422213546 -67266640640
T 84 119585138843 0 7 0
E 84 0 29896284725 89688854176
E 84 1 29896284722 89688854168
E 84 2 29896284720 89688854160
E 84 3 29896284717 89688854152
E 84 4 29896284714 89688854144
E 84 5 29896284712 89688854136
E 84 6 29896284709 89688854128
T 85 159446851842 0 7 0
E 85 0 -39861712947 -119585138841
E 85 1 -39861712949 -119585138849
E 85 2 -39861712952 -119585138857
E 85 3 -39861712955 -119585138865
E 85 4 -39861712957 -119585138873
E 85 5 -39861712960 -119585138881
E 85 6 -39861712963 -119585138889
T 86 212595802391 0 7 0
E 86 0 53148950612 159446851837
E 86 1 53148950609 159446851829
E 86 2 53148950607 159446851821
E 86 3 53148950604 159446851813
E 86 4 53148950601 159446851805
E 86 5 53148950599 159446851797
E 86 6 53148950596 159446851789
T 87 283461069904 0 7 0
E 87 0 -70865267462 -212595802388
E 87 1 -70865267465 -212595802396
E 87 2 -70865267468 -212595802404
E 87 3 -70865267470 -212595802412
E 87 4 -70865267473 -212595802420
E 87 5 -70865267476 -212595802428
E 87 6 -70865267478 -212595802436
X 88
F 580 455124332784 0 82 5 0 0 1
