T 0 1 0 0 0
T 1 2 0 0 0
T 2 1 0 0 0
T 3 2 0 0 0
T 4 2 0 0 0
T 5 4 0 0 0
T 6 1 0 0 0
T 7 1 0 0 0
T 8 2 0 0 0
T 9 24 0 5 0
E 9 2 -5 -15
E 9 3 -5 -15
E 9 4 -5 -15
E 9 5 -5 -15
E 9 6 -5 -15
T 10 10 0 2 0
E 10 0 7 21
E 10 1 4 13
T 11 10 0 1 0
E 11 0 5 15
T 12 10 0 1 0
E 12 0 4 14
T 13 23 0 4 0
E 13 3 -4 -13
E 13 4 -4 -13
E 13 5 -4 -13
E 13 6 -4 -13
T 14 9 0 3 0
E 14 0 10 31
E 14 1 7 23
E 14 2 5 15
T 15 28 0 4 0
E 15 3 -5 -16
E 15 4 -5 -16
E 15 5 -5 -16
E 15 6 -5 -16
T 16 9 0 3 0
E 16 0 10 30
E 16 1 7 22
E 16 2 4 14
T 17 30 0 4 0
E 17 3 -4 -13
E 17 4 -5 -16
E 17 5 -5 -16
E 17 6 -5 -16
T 18 9 0 3 0
E 18 0 11 33
E 18 1 8 25
E 18 2 5 17
T 19 25 0 4 0
E 19 0 5 15
E 19 4 -5 -15
E 19 5 -5 -15
E 19 6 -5 -15
T 20 9 0 3 0
E 20 0 10 32
E 20 1 8 24
E 20 2 5 16
T 21 27 0 4 0
E 21 0 4 13
E 21 4 -6 -19
E 21 5 -6 -20
E 21 6 -6 -20
T 22 12 0 2 0
E 22 0 8 25
E 22 1 5 17
T 23 34 0 3 0
E 23 4 -6 -20
E 23 5 -8 -24
E 23 6 -8 -24
T 24 9 0 3 0
E 24 0 10 31
E 24 1 7 23
E 24 2 5 15
T 25 41 0 4 0
E 25 3 -5 -16
E 25 4 -8 -24
E 25 5 -10 -32
E 25 6 -10 -32
T 26 3 0 4 0
E 26 0 14 44
E 26 1 12 36
E 26 2 9 28
E 26 3 6 20
T 27 50 0 5 0
E 27 2 -5 -17
E 27 3 -8 -25
E 27 4 -11 -33
E 27 5 -13 -41
E 27 6 -14 -44
T 28 2 0 5 0
E 28 0 15 45
E 28 1 12 37
E 28 2 9 29
E 28 3 7 21
E 28 4 4 13
T 29 45 0 4 0
E 29 3 -6 -20
E 29 4 -9 -28
E 29 5 -12 -36
E 29 6 -14 -42
T 30 3 0 4 0
E 30 0 14 44
E 30 1 12 36
E 30 2 9 28
E 30 3 6 20
T 31 45 0 4 0
E 31 3 -6 -20
E 31 4 -9 -28
E 31 5 -12 -36
E 31 6 -14 -44
T 32 3 0 4 0
E 32 0 14 44
E 32 1 12 36
E 32 2 9 28
E 32 3 6 20
T 33 43 0 4 0
E 33 3 -4 -14
E 33 4 -7 -22
E 33 5 -10 -30
E 33 6 -12 -38
T 34 2 0 5 0
E 34 0 15 45
E 34 1 12 37
E 34 2 9 29
E 34 3 7 21
E 34 4 4 13
T 35 52 0 5 0
E 35 2 -5 -16
E 35 3 -8 -24
E 35 4 -10 -32
E 35 5 -13 -40
E 35 6 -16 -48
T 36 12 0 6 0
E 36 0 18 54
E 36 1 15 46
E 36 2 12 38
E 36 3 10 30
E 36 4 7 22
E 36 5 4 14
T 37 74 0 7 0
E 37 0 -5 -15
E 37 1 -7 -23
E 37 2 -10 -31
E 37 3 -13 -39
E 37 4 -15 -47
E 37 5 -18 -55
E 37 6 -21 -63
T 38 42 0 7 0
E 38 0 25 75
E 38 1 22 67
E 38 2 19 59
E 38 3 17 51
E 38 4 14 43
E 38 5 11 35
E 38 6 9 27
T 39 111 0 7 0
E 39 0 -14 -43
E 39 1 -17 -51
E 39 2 -19 -59
E 39 3 -22 -67
E 39 4 -25 -75
E 39 5 -27 -83
E 39 6 -30 -91
T 40 88 0 7 0
E 40 0 36 110
E 40 1 34 102
E 40 2 31 94
E 40 3 28 86
E 40 4 26 78
E 40 5 23 70
E 40 6 20 62
T 41 171 0 7 0
E 41 0 -29 -88
E 41 1 -32 -96
E 41 2 -34 -104
E 41 3 -37 -112
E 41 4 -40 -120
E 41 5 -42 -128
E 41 6 -45 -136
T 42 168 0 7 0
E 42 0 56 170
E 42 1 54 162
E 42 2 51 154
E 42 3 48 146
E 42 4 46 138
E 42 5 43 130
E 42 6 40 122
T 43 280 0 7 0
E 43 0 -56 -170
E 43 1 -59 -178
E 43 2 -62 -186
E 43 3 -64 -194
E 43 4 -67 -202
E 43 5 -70 -210
E 43 6 -72 -218
T 44 316 0 7 0
E 44 0 93 281
E 44 1 91 273
E 44 2 88 265
E 44 3 85 257
E 44 4 83 249
E 44 5 80 241
E 44 6 77 233
T 45 480 0 7 0
E 45 0 -106 -320
E 45 1 -109 -328
E 45 2 -112 -336
E 45 3 -114 -344
E 45 4 -117 -352
E 45 5 -120 -360
E 45 6 -122 -368
T 46 583 0 7 0
E 46 0 160 481
E 46 1 157 473
E 46 2 155 465
E 46 3 152 457
E 46 4 149 449
E 46 5 147 441
E 46 6 144 433
T 47 823 0 7 0
E 47 0 -192 -577
E 47 1 -195 -585
E 47 2 -197 -593
E 47 3 -200 -601
E 47 4 -203 -609
E 47 5 -205 -617
E 47 6 -208 -625
T 48 1040 0 7 0
E 48 0 274 824
E 48 1 272 816
E 48 2 269 808
E 48 3 266 800
E 48 4 264 792
E 48 5 261 784
E 48 6 258 776
T 49 1443 0 7 0
E 49 0 -347 -1042
E 49 1 -350 -1050
E 49 2 -352 -1058
E 49 3 -355 -1066
E 49 4 -358 -1074
E 49 5 -360 -1082
E 49 6 -363 -1090
T 50 1860 0 7 0
E 50 0 479 1439
E 50 1 477 1431
E 50 2 474 1423
E 50 3 471 1415
E 50 4 469 1407
E 50 5 466 1399
E 50 6 463 1391
T 51 2536 0 7 0
E 51 0 -620 -1862
E 51 1 -623 -1870
E 51 2 -626 -1878
E 51 3 -628 -1886
E 51 4 -631 -1894
E 51 5 -634 -1902
E 51 6 -636 -1910
T 52 3322 0 7 0
E 52 0 845 2535
E 52 1 842 2527
E 52 2 839 2519
E 52 3 837 2511
E 52 4 834 2503
E 52 5 831 2495
E 52 6 829 2487
T 53 4490 0 7 0
E 53 0 -1109 -3327
E 53 1 -1111 -3335
E 53 2 -1114 -3343
E 53 3 -1117 -3351
E 53 4 -1119 -3359
E 53 5 -1122 -3367
E 53 6 -1125 -3375
T 54 5928 0 7 0
E 54 0 1496 4490
E 54 1 1494 4482
E 54 2 1491 4474
E 54 3 1488 4466
E 54 4 1486 4458
E 54 5 1483 4450
E 54 6 1480 4442
T 55 7960 0 7 0
E 55 0 -1976 -5930
E 55 1 -1979 -5938
E 55 2 -1982 -5946
E 55 3 -1984 -5954
E 55 4 -1987 -5962
E 55 5 -1990 -5970
E 55 6 -1992 -5978
T 56 10562 0 7 0
E 56 0 2655 7965
E 56 1 2652 7957
E 56 2 2649 7949
E 56 3 2647 7941
E 56 4 2644 7933
E 56 5 2641 7925
E 56 6 2639 7917
T 57 14128 0 7 0
E 57 0 -3518 -10556
E 57 1 -3521 -10564
E 57 2 -3524 -10572
E 57 3 -3526 -10580
E 57 4 -3529 -10588
E 57 5 -3532 -10596
E 57 6 -3534 -10604
T 58 18784 0 7 0
E 58 0 4710 14132
E 58 1 4708 14124
E 58 2 4705 14116
E 58 3 4702 14108
E 58 4 4700 14100
E 58 5 4697 14092
E 58 6 4694 14084
T 59 25100 0 7 0
E 59 0 -6261 -18785
E 59 1 -6264 -18793
E 59 2 -6267 -18801
E 59 3 -6269 -18809
E 59 4 -6272 -18817
E 59 5 -6275 -18825
E 59 6 -6277 -18833
T 60 33411 0 7 0
E 60 0 8367 25102
E 60 1 8364 25094
E 60 2 8362 25086
E 60 3 8359 25078
E 60 4 8356 25070
E 60 5 8354 25062
E 60 6 8351 25054
T 61 44596 0 7 0
E 61 0 -11135 -33407
E 61 1 -11138 -33415
E 61 2 -11141 -33423
E 61 3 -11143 -33431
E 61 4 -11146 -33439
E 61 5 -11149 -33447
E 61 6 -11151 -33455
T 62 59400 0 7 0
E 62 0 14864 44594
E 62 1 14862 44586
E 62 2 14859 44578
E 62 3 14856 44570
E 62 4 14854 44562
E 62 5 14851 44554
E 62 6 14848 44546
T 63 79244 0 7 0
E 63 0 -19797 -59393
E 63 1 -19800 -59401
E 63 2 -19803 -59409
E 63 3 -19805 -59417
E 63 4 -19808 -59425
E 63 5 -19811 -59433
E 63 6 -19813 -59441
T 64 105606 0 7 0
E 64 0 26416 79248
E 64 1 26413 79240
E 64 2 26410 79232
E 64 3 26408 79224
E 64 4 26405 79216
E 64 5 26402 79208
E 64 6 26400 79200
T 65 140867 0 7 0
E 65 0 -35203 -105610
E 65 1 -35206 -105618
E 65 2 -35208 -105626
E 65 3 -35211 -105634
E 65 4 -35214 -105642
E 65 5 -35216 -105650
E 65 6 -35219 -105658
T 66 187771 0 7 0
E 66 0 46957 140872
E 66 1 46954 140864
E 66 2 46952 140856
E 66 3 46949 140848
E 66 4 46946 140840
E 66 5 46944 140832
E 66 6 46941 140824
T 67 250404 0 7 0
E 67 0 -62587 -187763
E 67 1 -62590 -187771
E 67 2 -62593 -187779
E 67 3 -62595 -187787
E 67 4 -62598 -187795
E 67 5 -62601 -187803
E 67 6 -62603 -187811
T 68 333815 0 7 0
E 68 0 83468 250405
E 68 1 83465 250397
E 68 2 83463 250389
E 68 3 83460 250381
E 68 4 83457 250373
E 68 5 83455 250365
E 68 6 83452 250357
T 69 445134 0 7 0
E 69 0 -111270 -333810
E 69 1 -111272 -333818
E 69 2 -111275 -333826
E 69 3 -111278 -333834
E 69 4 -111280 -333842
E 69 5 -111283 -333850
E 69 6 -111286 -333858
T 70 593463 0 7 0
E 70 0 148380 445141
E 70 1 148377 445133
E 70 2 148375 445125
E 70 3 148372 445117
E 70 4 148369 445109
E 70 5 148367 445101
E 70 6 148364 445093
T 71 791328 0 7 0
E 71 0 -197818 -593456
E 71 1 -197821 -593464
E 71 2 -197824 -593472
E 71 3 -197826 -593480
E 71 4 -197829 -593488
E 71 5 -197832 -593496
E 71 6 -197834 -593504
T 72 1055047 0 7 0
E 72 0 263776 791329
E 72 1 263773 791321
E 72 2 263771 791313
E 72 3 263768 791305
E 72 4 263765 791297
E 72 5 263763 791289
E 72 6 263760 791281
T 73 1406780 0 7 0
E 73 0 -351681 -1055045
E 73 1 -351684 -1055053
E 73 2 -351687 -1055061
E 73 3 -351689 -1055069
E 73 4 -351692 -1055077
E 73 5 -351695 -1055085
E 73 6 -351697 -1055093
T 74 1875654 0 7 0
E 74 0 468928 1406784
E 74 1 468925 1406776
E 74 2 468922 1406768
E 74 3 468920 1406760
E 74 4 468917 1406752
E 74 5 468914 1406744
E 74 6 468912 1406736
T 75 2500927 0 7 0
E 75 0 -625218 -1875655
E 75 1 -625221 -1875663
E 75 2 -625223 -1875671
E 75 3 -625226 -1875679
E 75 4 -625229 -1875687
E 75 5 -625231 -1875695
E 75 6 -625234 -1875703
T 76 3334507 0 7 0
E 76 0 833641 2500924
E 76 1 833638 2500916
E 76 2 833636 2500908
E 76 3 833633 2500900
E 76 4 833630 2500892
E 76 5 833628 2500884
E 76 6 833625 2500876
T 77 4446058 0 7 0
E 77 0 -1111501 -3334503
E 77 1 -1111503 -3334511
E 77 2 -1111506 -3334519
E 77 3 -1111509 -3334527
E 77 4 -1111511 -3334535
E 77 5 -1111514 -3334543
E 77 6 -1111517 -3334551
T 78 5928027 0 7 0
E 78 0 1482021 4446064
E 78 1 1482018 4446056
E 78 2 1482016 4446048
E 78 3 1482013 4446040
E 78 4 1482010 4446032
E 78 5 1482008 4446024
E 78 6 1482005 4446016
T 79 7904091 0 7 0
E 79 0 -1976009 -5928028
E 79 1 -1976012 -5928036
E 79 2 -1976014 -5928044
E 79 3 -1976017 -5928052
E 79 4 -1976020 -5928060
E 79 5 -1976022 -5928068
E 79 6 -1976025 -5928076
T 80 10538740 0 7 0
E 80 0 2634699 7904099
E 80 1 2634697 7904091
E 80 2 2634694 7904083
E 80 3 2634691 7904075
E 80 4 2634689 7904067
E 80 5 2634686 7904059
E 80 6 2634683 7904051
T 81 14051698 0 7 0
E 81 0 -3512911 -10538733
E 81 1 -3512913 -10538741
E 81 2 -3512916 -10538749
E 81 3 -3512919 -10538757
E 81 4 -3512921 -10538765
E 81 5 -3512924 -10538773
E 81 6 -3512927 -10538781
T 82 18735536 0 7 0
E 82 0 4683898 14051696
E 82 1 4683896 14051688
E 82 2 4683893 14051680
E 82 3 4683890 14051672
E 82 4 4683888 14051664
E 82 5 4683885 14051656
E 82 6 4683882 14051648
T 83 24980770 0 7 0
E 83 0 -6245179 -18735537
E 83 1 -6245181 -18735545
E 83 2 -6245184 -18735553
E 83 3 -6245187 -18735561
E 83 4 -6245189 -18735569
E 83 5 -6245192 -18735577
E 83 6 -6245195 -18735585
T 84 33307639 0 7 0
E 84 0 8326924 24980773
E 84 1 8326921 24980765
E 84 2 8326919 24980757
E 84 3 8326916 24980749
E 84 4 8326913 24980741
E 84 5 8326911 24980733
E 84 6 8326908 24980725
T 85 44410232 0 7 0
E 85 0 -11102544 -33307634
E 85 1 -11102547 -33307642
E 85 2 -11102550 -33307650
E 85 3 -11102552 -33307658
E 85 4 -11102555 -33307666
E 85 5 -11102558 -33307674
E 85 6 -11102560 -33307682
T 86 59213588 0 7 0
E 86 0 14803411 44410235
E 86 1 14803409 44410227
E 86 2 14803406 44410219
E 86 3 14803403 44410211
E 86 4 14803401 44410203
E 86 5 14803398 44410195
E 86 6 14803395 44410187
T 87 78951502 0 7 0
E 87 0 -19737862 -59213586
E 87 1 -19737864 -59213594
E 87 2 -19737867 -59213602
E 87 3 -19737870 -59213610
E 87 4 -19737872 -59213618
E 87 5 -19737875 -59213626
E 87 6 -19737878 -59213634
T 88 105268615 0 7 0
E 88 0 26317168 78951505
E 88 1 26317165 78951497
E 88 2 26317163 78951489
E 88 3 26317160 78951481
E 88 4 26317157 78951473
E 88 5 26317155 78951465
E 88 6 26317152 78951457
T 89 140358210 0 7 0
E 89 0 -35089539 -105268617
E 89 1 -35089541 -105268625
E 89 2 -35089544 -105268633
E 89 3 -35089547 -105268641
E 89 4 -35089549 -105268649
E 89 5 -35089552 -105268657
E 89 6 -35089555 -105268665
T 90 187144226 0 7 0
E 90 0 46786071 140358213
E 90 1 46786068 140358205
E 90 2 46786065 140358197
E 90 3 46786063 140358189
E 90 4 46786060 140358181
E 90 5 46786057 140358173
E 90 6 46786055 140358165
T 91 249525692 0 7 0
E 91 0 -62381409 -187144229
E 91 1 -62381412 -187144237
E 91 2 -62381415 -187144245
E 91 3 -62381417 -187144253
E 91 4 -62381420 -187144261
E 91 5 -62381423 -187144269
E 91 6 -62381425 -187144277
T 92 332700872 0 7 0
E 92 0 83175232 249525698
E 92 1 83175230 249525690
E 92 2 83175227 249525682
E 92 3 83175224 249525674
E 92 4 83175222 249525666
E 92 5 83175219 249525658
E 92 6 83175216 249525650
T 93 443601212 0 7 0
E 93 0 -110900289 -332700869
E 93 1 -110900292 -332700877
E 93 2 -110900295 -332700885
E 93 3 -110900297 -332700893
E 93 4 -110900300 -332700901
E 93 5 -110900303 -332700909
E 93 6 -110900305 -332700917
T 94 591468219 0 7 0
E 94 0 147867069 443601208
E 94 1 147867066 443601200
E 94 2 147867064 443601192
E 94 3 147867061 443601184
E 94 4 147867058 443601176
E 94 5 147867056 443601168
E 94 6 147867053 443601160
T 95 788624346 0 7 0
E 95 0 -197156073 -591468219
E 95 1 -197156075 -591468227
E 95 2 -197156078 -591468235
E 95 3 -197156081 -591468243
E 95 4 -197156083 -591468251
E 95 5 -197156086 -591468259
E 95 6 -197156089 -591468267
T 96 1051499066 0 7 0
E 96 0 262874781 788624343
E 96 1 262874778 788624335
E 96 2 262874775 788624327
E 96 3 262874773 788624319
E 96 4 262874770 788624311
E 96 5 262874767 788624303
E 96 6 262874765 788624295
T 97 1401998808 0 7 0
E 97 0 -350499690 -1051499070
E 97 1 -350499691 -1051499075
E 97 2 -350499694 -1051499083
E 97 3 -350499697 -1051499091
E 97 4 -350499699 -1051499099
E 97 5 -350499702 -1051499107
E 97 6 -350499705 -1051499115
T 98 1869331688 0 7 0
E 98 0 467332934 1401998802
E 98 1 467332933 1401998799
E 98 2 467332930 1401998791
E 98 3 467332927 1401998783
E 98 4 467332925 1401998775
E 98 5 467332922 1401998767
E 98 6 467332919 1401998759
T 99 2492442284 0 7 0
E 99 0 -623110561 -1869331685
E 99 1 -623110561 -1869331685
E 99 2 -623110564 -1869331693
E 99 3 -623110567 -1869331701
E 99 4 -623110569 -1869331709
E 99 5 -623110572 -1869331717
E 99 6 -623110575 -1869331725
T 100 3323256346 0 7 0
E 100 0 830814095 2492442287
E 100 1 830814096 2492442290
E 100 2 830814094 2492442282
E 100 3 830814091 2492442274
E 100 4 830814088 2492442266
E 100 5 830814086 2492442258
E 100 6 830814083 2492442250
T 101 4431008493 0 7 0
E 101 0 -1107752116 -3323256349
E 101 1 -1107752114 -3323256344
E 101 2 -1107752117 -3323256352
E 101 3 -1107752120 -3323256360
E 101 4 -1107752122 -3323256368
E 101 5 -1107752125 -3323256376
E 101 6 -1107752128 -3323256384
T 102 5908011293 0 7 0
E 102 0 1477002830 4431008490
E 102 1 1477002831 4431008495
E 102 2 1477002830 4431008490
E 102 3 1477002827 4431008482
E 102 4 1477002824 4431008474
E 102 5 1477002822 4431008466
E 102 6 1477002819 4431008458
T 103 7877348412 0 7 0
E 103 0 -1969337098 -5908011294
E 103 1 -1969337096 -5908011289
E 103 2 -1969337097 -5908011292
E 103 3 -1969337100 -5908011300
E 103 4 -1969337102 -5908011308
E 103 5 -1969337105 -5908011316
E 103 6 -1969337108 -5908011324
T 104 10503131193 0 7 0
E 104 0 2625782803 7877348409
E 104 1 2625782804 7877348414
E 104 2 2625782804 7877348414
E 104 3 2625782802 7877348406
E 104 4 2625782799 7877348398
E 104 5 2625782796 7877348390
E 104 6 2625782794 7877348382
T 105 14004174932 0 7 0
E 105 0 -3501043730 -10503131192
E 105 1 -3501043729 -10503131187
E 105 2 -3501043728 -10503131184
E 105 3 -3501043730 -10503131192
E 105 4 -3501043733 -10503131200
E 105 5 -3501043736 -10503131208
E 105 6 -3501043738 -10503131216
T 106 18672233228 0 7 0
E 106 0 4668058309 14004174929
E 106 1 4668058311 14004174934
E 106 2 4668058313 14004174939
E 106 3 4668058310 14004174931
E 106 4 4668058307 14004174923
E 106 5 4668058305 14004174915
E 106 6 4668058302 14004174907
T 107 24896310967 0 7 0
E 107 0 -6224077741 -18672233224
E 107 1 -6224077739 -18672233219
E 107 2 -6224077738 -18672233214
E 107 3 -6224077739 -18672233219
E 107 4 -6224077742 -18672233227
E 107 5 -6224077745 -18672233235
E 107 6 -6224077747 -18672233243
T 108 33195081284 0 7 0
E 108 0 8298770322 24896310966
E 108 1 8298770323 24896310971
E 108 2 8298770325 24896310976
E 108 3 8298770324 24896310973
E 108 4 8298770321 24896310965
E 108 5 8298770319 24896310957
E 108 6 8298770316 24896310949
T 109 44260108373 0 7 0
E 109 0 -11065027094 -33195081283
E 109 1 -11065027092 -33195081278
E 109 2 -11065027091 -33195081273
E 109 3 -11065027091 -33195081273
E 109 4 -11065027093 -33195081281
E 109 5 -11065027096 -33195081289
E 109 6 -11065027099 -33195081297
T 110 59013477835 0 7 0
E 110 0 14753369457 44260108373
E 110 1 14753369459 44260108378
E 110 2 14753369461 44260108383
E 110 3 14753369462 44260108386
E 110 4 14753369459 44260108378
E 110 5 14753369456 44260108370
E 110 6 14753369454 44260108362
T 111 78684637103 0 7 0
E 111 0 -19671159278 -59013477836
E 111 1 -19671159277 -59013477831
E 111 2 -19671159275 -59013477826
E 111 3 -19671159273 -59013477821
E 111 4 -19671159276 -59013477829
E 111 5 -19671159279 -59013477837
E 111 6 -19671159281 -59013477845
T 112 104912849474 0 7 0
E 112 0 26228212366 78684637098
E 112 1 26228212367 78684637103
E 112 2 26228212369 78684637108
E 112 3 26228212371 78684637113
E 112 4 26228212369 78684637108
E 112 5 26228212366 78684637100
E 112 6 26228212364 78684637092
T 113 139883799289 0 7 0
E 113 0 -34970949826 -104912849479
E 113 1 -34970949824 -104912849474
E 113 2 -34970949823 -104912849469
E 113 3 -34970949821 -104912849464
E 113 4 -34970949822 -104912849467
E 113 5 -34970949825 -104912849475
E 113 6 -34970949827 -104912849483
T 114 186511732396 0 7 0
E 114 0 46627933095 139883799286
E 114 1 46627933097 139883799291
E 114 2 46627933098 139883799296
E 114 3 46627933100 139883799301
E 114 4 46627933100 139883799301
E 114 5 46627933097 139883799293
E 114 6 46627933095 139883799285
T 115 248682309844 0 7 0
E 115 0 -62170577466 -186511732400
E 115 1 -62170577465 -186511732395
E 115 2 -62170577463 -186511732390
E 115 3 -62170577461 -186511732385
E 115 4 -62170577460 -186511732382
E 115 5 -62170577463 -186511732390
E 115 6 -62170577466 -186511732398
X 116
F 656 824282001484 0 106 12 0 0 1
