T 0 2 0 0 0
T 1 5 0 0 0
T 2 4 0 0 0
T 3 1 0 0 0
T 4 7 0 0 0
T 5 5 0 0 0
T 6 11 0 0 0
T 7 10 0 1 0
E 7 0 4 14
T 8 9 0 0 0
T 9 12 0 1 0
E 9 0 5 17
T 10 9 0 1 0
E 10 0 4 13
T 11 12 0 0 0
T 12 8 0 0 0
T 13 10 0 1 0
E 13 0 5 15
T 14 24 0 4 0
E 14 3 -4 -14
E 14 4 -4 -14
E 14 5 -4 -14
E 14 6 -4 -14
T 15 9 0 3 0
E 15 0 10 32
E 15 1 8 24
E 15 2 5 16
T 16 30 0 4 0
E 16 3 -6 -18
E 16 4 -6 -19
E 16 5 -6 -19
E 16 6 -6 -19
T 17 9 0 3 0
E 17 0 10 31
E 17 1 7 23
E 17 2 5 15
T 18 27 0 3 0
E 18 4 -5 -16
E 18 5 -5 -16
E 18 6 -5 -16
T 19 9 0 3 0
E 19 0 11 35
E 19 1 9 27
E 19 2 6 19
T 20 27 0 4 0
E 20 0 4 13
E 20 4 -6 -19
E 20 5 -6 -19
E 20 6 -6 -19
T 21 11 0 2 0
E 21 0 8 24
E 21 1 5 16
T 22 26 0 4 0
E 22 0 6 18
E 22 4 -4 -14
E 22 5 -5 -17
E 22 6 -5 -17
T 23 20 0 4 0
E 23 0 7 21
E 23 1 4 13
E 23 5 -5 -15
E 23 6 -5 -15
T 24 12 0 2 0
E 24 0 8 26
E 24 1 6 18
T 25 41 0 4 0
E 25 3 -5 -16
E 25 4 -8 -24
E 25 5 -10 -32
E 25 6 -10 -32
T 26 4 0 4 0
E 26 0 13 41
E 26 1 11 33
E 26 2 8 25
E 26 3 5 17
T 27 50 0 5 0
E 27 2 -5 -15
E 27 3 -7 -23
E 27 4 -10 -31
E 27 5 -13 -39
E 27 6 -14 -42
T 28 2 0 5 0
E 28 0 15 46
E 28 1 12 38
E 28 2 10 30
E 28 3 7 22
E 28 4 4 14
T 29 51 0 5 0
E 29 2 -5 -16
E 29 3 -8 -24
E 29 4 -10 -32
E 29 5 -13 -40
E 29 6 -15 -46
T 30 4 0 5 0
E 30 0 16 48
E 30 1 13 40
E 30 2 10 32
E 30 3 8 24
E 30 4 5 16
T 31 50 0 5 0
E 31 2 -4 -13
E 31 3 -7 -21
E 31 4 -9 -29
E 31 5 -12 -37
E 31 6 -15 -45
T 32 4 0 5 0
E 32 0 16 49
E 32 1 13 41
E 32 2 11 33
E 32 3 8 25
E 32 4 5 17
T 33 61 0 6 0
E 33 1 -5 -15
E 33 2 -7 -23
E 33 3 -10 -31
E 33 4 -13 -39
E 33 5 -15 -47
E 33 6 -18 -55
T 34 18 0 6 0
E 34 0 20 60
E 34 1 17 52
E 34 2 14 44
E 34 3 12 36
E 34 4 9 28
E 34 5 6 20
T 35 75 0 7 0
E 35 0 -5 -16
E 35 1 -8 -24
E 35 2 -10 -32
E 35 3 -13 -40
E 35 4 -16 -48
E 35 5 -18 -56
E 35 6 -21 -64
T 36 51 0 7 0
E 36 0 27 82
E 36 1 24 74
E 36 2 22 66
E 36 3 19 58
E 36 4 16 50
E 36 5 14 42
E 36 6 11 34
T 37 122 0 7 0
E 37 0 -17 -51
E 37 1 -19 -59
E 37 2 -22 -67
E 37 3 -25 -75
E 37 4 -27 -83
E 37 5 -30 -91
E 37 6 -33 -99
T 38 104 0 7 0
E 38 0 40 122
E 38 1 38 114
E 38 2 35 106
E 38 3 32 98
E 38 4 30 90
E 38 5 27 82
E 38 6 24 74
T 39 188 0 7 0
E 39 0 -33 -101
E 39 1 -36 -109
E 39 2 -39 -117
E 39 3 -41 -125
E 39 4 -44 -133
E 39 5 -47 -141
E 39 6 -49 -149
T 40 200 0 7 0
E 40 0 64 194
E 40 1 62 186
E 40 2 59 178
E 40 3 56 170
E 40 4 54 162
E 40 5 51 154
E 40 6 48 146
T 41 327 0 7 0
E 41 0 -68 -205
E 41 1 -71 -213
E 41 2 -73 -221
E 41 3 -76 -229
E 41 4 -79 -237
E 41 5 -81 -245
E 41 6 -84 -253
T 42 375 0 7 0
E 42 0 108 325
E 42 1 105 317
E 42 2 103 309
E 42 3 100 301
E 42 4 97 293
E 42 5 95 285
E 42 6 92 277
T 43 548 0 7 0
E 43 0 -123 -371
E 43 1 -126 -379
E 43 2 -129 -387
E 43 3 -131 -395
E 43 4 -134 -403
E 43 5 -137 -411
E 43 6 -139 -419
T 44 675 0 7 0
E 44 0 183 550
E 44 1 180 542
E 44 2 178 534
E 44 3 175 526
E 44 4 172 518
E 44 5 170 510
E 44 6 167 502
T 45 956 0 7 0
E 45 0 -225 -677
E 45 1 -228 -685
E 45 2 -231 -693
E 45 3 -233 -701
E 45 4 -236 -709
E 45 5 -239 -717
E 45 6 -241 -725
T 46 1210 0 7 0
E 46 0 317 951
E 46 1 314 943
E 46 2 311 935
E 46 3 309 927
E 46 4 306 919
E 46 5 303 911
E 46 6 301 903
T 47 1671 0 7 0
E 47 0 -404 -1213
E 47 1 -407 -1221
E 47 2 -409 -1229
E 47 3 -412 -1237
E 47 4 -415 -1245
E 47 5 -417 -1253
E 47 6 -420 -1261
T 48 2172 0 7 0
E 48 0 557 1673
E 48 1 555 1665
E 48 2 552 1657
E 48 3 549 1649
E 48 4 547 1641
E 48 5 544 1633
E 48 6 541 1625
T 49 2946 0 7 0
E 49 0 -723 -2169
E 49 1 -725 -2177
E 49 2 -728 -2185
E 49 3 -731 -2193
E 49 4 -733 -2201
E 49 5 -736 -2209
E 49 6 -739 -2217
T 50 3867 0 7 0
E 50 0 981 2944
E 50 1 978 2936
E 50 2 976 2928
E 50 3 973 2920
E 50 4 970 2912
E 50 5 968 2904
E 50 6 965 2896
T 51 5211 0 7 0
E 51 0 -1289 -3868
E 51 1 -1292 -3876
E 51 2 -1294 -3884
E 51 3 -1297 -3892
E 51 4 -1300 -3900
E 51 5 -1302 -3908
E 51 6 -1305 -3916
T 52 6900 0 7 0
E 52 0 1739 5219
E 52 1 1737 5211
E 52 2 1734 5203
E 52 3 1731 5195
E 52 4 1729 5187
E 52 5 1726 5179
E 52 6 1723 5171
T 53 9244 0 7 0
E 53 0 -2297 -6893
E 53 1 -2300 -6901
E 53 2 -2303 -6909
E 53 3 -2305 -6917
E 53 4 -2308 -6925
E 53 5 -2311 -6933
E 53 6 -2313 -6941
T 54 12262 0 7 0
E 54 0 3080 9240
E 54 1 3077 9232
E 54 2 3074 9224
E 54 3 3072 9216
E 54 4 3069 9208
E 54 5 3066 9200
E 54 6 3064 9192
T 55 16406 0 7 0
E 55 0 -4088 -12264
E 55 1 -4090 -12272
E 55 2 -4093 -12280
E 55 3 -4096 -12288
E 55 4 -4098 -12296
E 55 5 -4101 -12304
E 55 6 -4104 -12312
T 56 21816 0 7 0
E 56 0 5468 16406
E 56 1 5466 16398
E 56 2 5463 16390
E 56 3 5460 16382
E 56 4 5458 16374
E 56 5 5455 16366
E 56 6 5452 16358
T 57 29132 0 7 0
E 57 0 -7269 -21809
E 57 1 -7272 -21817
E 57 2 -7275 -21825
E 57 3 -7277 -21833
E 57 4 -7280 -21841
E 57 5 -7283 -21849
E 57 6 -7285 -21857
T 58 38778 0 7 0
E 58 0 9709 29127
E 58 1 9706 29119
E 58 2 9703 29111
E 58 3 9701 29103
E 58 4 9698 29095
E 58 5 9695 29087
E 58 6 9693 29079
T 59 51763 0 7 0
E 59 0 -12927 -38782
E 59 1 -12930 -38790
E 59 2 -12932 -38798
E 59 3 -12935 -38806
E 59 4 -12938 -38814
E 59 5 -12940 -38822
E 59 6 -12943 -38830
T 60 68955 0 7 0
E 60 0 17253 51760
E 60 1 17250 51752
E 60 2 17248 51744
E 60 3 17245 51736
E 60 4 17242 51728
E 60 5 17240 51720
E 60 6 17237 51712
T 61 91987 0 7 0
E 61 0 -22983 -68950
E 61 1 -22986 -68958
E 61 2 -22988 -68966
E 61 3 -22991 -68974
E 61 4 -22994 -68982
E 61 5 -22996 -68990
E 61 6 -22999 -68998
T 62 122587 0 7 0
E 62 0 30661 91984
E 62 1 30658 91976
E 62 2 30656 91968
E 62 3 30653 91960
E 62 4 30650 91952
E 62 5 30648 91944
E 62 6 30645 91936
T 63 163508 0 7 0
E 63 0 -40863 -122591
E 63 1 -40866 -122599
E 63 2 -40869 -122607
E 63 3 -40871 -122615
E 63 4 -40874 -122623
E 63 5 -40877 -122631
E 63 6 -40879 -122639
T 64 217952 0 7 0
E 64 0 54502 163508
E 64 1 54500 163500
E 64 2 54497 163492
E 64 3 54494 163484
E 64 4 54492 163476
E 64 5 54489 163468
E 64 6 54486 163460
T 65 290656 0 7 0
E 65 0 -72650 -217952
E 65 1 -72653 -217960
E 65 2 -72656 -217968
E 65 3 -72658 -217976
E 65 4 -72661 -217984
E 65 5 -72664 -217992
E 65 6 -72666 -218000
T 66 387476 0 7 0
E 66 0 96883 290651
E 66 1 96881 290643
E 66 2 96878 290635
E 66 3 96875 290627
E 66 4 96873 290619
E 66 5 96870 290611
E 66 6 96867 290603
T 67 516692 0 7 0
E 67 0 -129159 -387479
E 67 1 -129162 -387487
E 67 2 -129165 -387495
E 67 3 -129167 -387503
E 67 4 -129170 -387511
E 67 5 -129173 -387519
E 67 6 -129175 -387527
T 68 688871 0 7 0
E 68 0 172232 516697
E 68 1 172229 516689
E 68 2 172227 516681
E 68 3 172224 516673
E 68 4 172221 516665
E 68 5 172219 516657
E 68 6 172216 516649
T 69 918554 0 7 0
E 69 0 -229625 -688875
E 69 1 -229627 -688883
E 69 2 -229630 -688891
E 69 3 -229633 -688899
E 69 4 -229635 -688907
E 69 5 -229638 -688915
E 69 6 -229641 -688923
T 70 1224686 0 7 0
E 70 0 306186 918558
E 70 1 306183 918550
E 70 2 306180 918542
E 70 3 306178 918534
E 70 4 306175 918526
E 70 5 306172 918518
E 70 6 306170 918510
T 71 1632972 0 7 0
E 71 0 -408229 -1224689
E 71 1 -408232 -1224697
E 71 2 -408235 -1224705
E 71 3 -408237 -1224713
E 71 4 -408240 -1224721
E 71 5 -408243 -1224729
E 71 6 -408245 -1224737
T 72 2177240 0 7 0
E 72 0 544324 1632974
E 72 1 544322 1632966
E 72 2 544319 1632958
E 72 3 544316 1632950
E 72 4 544314 1632942
E 72 5 544311 1632934
E 72 6 544308 1632926
T 73 2903047 0 7 0
E 73 0 -725748 -2177245
E 73 1 -725751 -2177253
E 73 2 -725753 -2177261
E 73 3 -725756 -2177269
E 73 4 -725759 -2177277
E 73 5 -725761 -2177285
E 73 6 -725764 -2177293
T 74 3870670 0 7 0
E 74 0 967682 2903046
E 74 1 967679 2903038
E 74 2 967676 2903030
E 74 3 967674 2903022
E 74 4 967671 2903014
E 74 5 967668 2903006
E 74 6 967666 2902998
T 75 5160952 0 7 0
E 75 0 -1290224 -3870674
E 75 1 -1290227 -3870682
E 75 2 -1290230 -3870690
E 75 3 -1290232 -3870698
E 75 4 -1290235 -3870706
E 75 5 -1290238 -3870714
E 75 6 -1290240 -3870722
T 76 6881219 0 7 0
E 76 0 1720319 5160958
E 76 1 1720316 5160950
E 76 2 1720314 5160942
E 76 3 1720311 5160934
E 76 4 1720308 5160926
E 76 5 1720306 5160918
E 76 6 1720303 5160910
T 77 9175004 0 7 0
E 77 0 -2293737 -6881213
E 77 1 -2293740 -6881221
E 77 2 -2293743 -6881229
E 77 3 -2293745 -6881237
E 77 4 -2293748 -6881245
E 77 5 -2293751 -6881253
E 77 6 -2293753 -6881261
T 78 12233290 0 7 0
E 78 0 3058337 9175011
E 78 1 3058334 9175003
E 78 2 3058331 9174995
E 78 3 3058329 9174987
E 78 4 3058326 9174979
E 78 5 3058323 9174971
E 78 6 3058321 9174963
T 79 16311108 0 7 0
E 79 0 -4077763 -12233291
E 79 1 -4077766 -12233299
E 79 2 -4077769 -12233307
E 79 3 -4077771 -12233315
E 79 4 -4077774 -12233323
E 79 5 -4077777 -12233331
E 79 6 -4077779 -12233339
T 80 21748082 0 7 0
E 80 0 5437035 16311105
E 80 1 5437032 16311097
E 80 2 5437029 16311089
E 80 3 5437027 16311081
E 80 4 5437024 16311073
E 80 5 5437021 16311065
E 80 6 5437019 16311057
T 81 28997498 0 7 0
E 81 0 -7249361 -21748083
E 81 1 -7249363 -21748091
E 81 2 -7249366 -21748099
E 81 3 -7249369 -21748107
E 81 4 -7249371 -21748115
E 81 5 -7249374 -21748123
E 81 6 -7249377 -21748131
T 82 38663275 0 7 0
E 82 0 9665833 28997500
E 82 1 9665830 28997492
E 82 2 9665828 28997484
E 82 3 9665825 28997476
E 82 4 9665822 28997468
E 82 5 9665820 28997460
E 82 6 9665817 28997452
T 83 51551088 0 7 0
E 83 0 -12887758 -38663276
E 83 1 -12887761 -38663284
E 83 2 -12887764 -38663292
E 83 3 -12887766 -38663300
E 83 4 -12887769 -38663308
E 83 5 -12887772 -38663316
E 83 6 -12887774 -38663324
T 84 68734731 0 7 0
E 84 0 17183697 51551092
E 84 1 17183694 51551084
E 84 2 17183692 51551076
E 84 3 17183689 51551068
E 84 4 17183686 51551060
E 84 5 17183684 51551052
E 84 6 17183681 51551044
T 85 91646355 0 7 0
E 85 0 -22911575 -68734726
E 85 1 -22911578 -68734734
E 85 2 -22911580 -68734742
E 85 3 -22911583 -68734750
E 85 4 -22911586 -68734758
E 85 5 -22911588 -68734766
E 85 6 -22911591 -68734774
T 86 122195078 0 7 0
E 86 0 30548784 91646352
E 86 1 30548781 91646344
E 86 2 30548778 91646336
E 86 3 30548776 91646328
E 86 4 30548773 91646320
E 86 5 30548770 91646312
E 86 6 30548768 91646304
T 87 162926823 0 7 0
E 87 0 -40731692 -122195077
E 87 1 -40731695 -122195085
E 87 2 -40731697 -122195093
E 87 3 -40731700 -122195101
E 87 4 -40731703 -122195109
E 87 5 -40731705 -122195117
E 87 6 -40731708 -122195125
T 88 217235712 0 7 0
E 88 0 54308942 162926828
E 88 1 54308940 162926820
E 88 2 54308937 162926812
E 88 3 54308934 162926804
E 88 4 54308932 162926796
E 88 5 54308929 162926788
E 88 6 54308926 162926780
T 89 289647675 0 7 0
E 89 0 -72411905 -217235716
E 89 1 -72411908 -217235724
E 89 2 -72411910 -217235732
E 89 3 -72411913 -217235740
E 89 4 -72411916 -217235748
E 89 5 -72411918 -217235756
E 89 6 -72411921 -217235764
T 90 386196850 0 7 0
E 90 0 96549227 289647681
E 90 1 96549224 289647673
E 90 2 96549221 289647665
E 90 3 96549219 289647657
E 90 4 96549216 289647649
E 90 5 96549213 289647641
E 90 6 96549211 289647633
T 91 514929180 0 7 0
E 91 0 -128732281 -386196845
E 91 1 -128732284 -386196853
E 91 2 -128732287 -386196861
E 91 3 -128732289 -386196869
E 91 4 -128732292 -386196877
E 91 5 -128732295 -386196885
E 91 6 -128732297 -386196893
T 92 686572184 0 7 0
E 92 0 171643060 514929182
E 92 1 171643058 514929174
E 92 2 171643055 514929166
E 92 3 171643052 514929158
E 92 4 171643050 514929150
E 92 5 171643047 514929142
E 92 6 171643044 514929134
T 93 915429639 0 7 0
E 93 0 -228857396 -686572189
E 93 1 -228857399 -686572197
E 93 2 -228857401 -686572205
E 93 3 -228857404 -686572213
E 93 4 -228857407 -686572221
E 93 5 -228857409 -686572229
E 93 6 -228857412 -686572237
T 94 1220572799 0 7 0
E 94 0 305143214 915429643
E 94 1 305143211 915429635
E 94 2 305143209 915429627
E 94 3 305143206 915429619
E 94 4 305143203 915429611
E 94 5 305143201 915429603
E 94 6 305143198 915429595
T 95 1627430455 0 7 0
E 95 0 -406857600 -1220572801
E 95 1 -406857603 -1220572809
E 95 2 -406857605 -1220572817
E 95 3 -406857608 -1220572825
E 95 4 -406857611 -1220572833
E 95 5 -406857613 -1220572841
E 95 6 -406857616 -1220572849
T 96 2169907210 0 7 0
E 96 0 542476817 1627430451
E 96 1 542476814 1627430443
E 96 2 542476811 1627430435
E 96 3 542476809 1627430427
E 96 4 542476806 1627430419
E 96 5 542476803 1627430411
E 96 6 542476801 1627430403
T 97 2893209668 0 7 0
E 97 0 -723302405 -2169907215
E 97 1 -723302406 -2169907220
E 97 2 -723302409 -2169907228
E 97 3 -723302412 -2169907236
E 97 4 -723302414 -2169907244
E 97 5 -723302417 -2169907252
E 97 6 -723302420 -2169907260
T 98 3857612842 0 7 0
E 98 0 964403222 2893209668
E 98 1 964403221 2893209665
E 98 2 964403219 2893209657
E 98 3 964403216 2893209649
E 98 4 964403213 2893209641
E 98 5 964403211 2893209633
E 98 6 964403208 2893209625
T 99 5143483832 0 7 0
E 99 0 -1285870948 -3857612846
E 99 1 -1285870948 -3857612846
E 99 2 -1285870951 -3857612854
E 99 3 -1285870954 -3857612862
E 99 4 -1285870956 -3857612870
E 99 5 -1285870959 -3857612878
E 99 6 -1285870962 -3857612886
T 100 6857978404 0 7 0
E 100 0 1714494610 5143483830
E 100 1 1714494611 5143483833
E 100 2 1714494608 5143483825
E 100 3 1714494605 5143483817
E 100 4 1714494603 5143483809
E 100 5 1714494600 5143483801
E 100 6 1714494597 5143483793
T 101 9143971240 0 7 0
E 101 0 -2285992803 -6857978409
E 101 1 -2285992801 -6857978404
E 101 2 -2285992804 -6857978412
E 101 3 -2285992806 -6857978420
E 101 4 -2285992809 -6857978428
E 101 5 -2285992812 -6857978436
E 101 6 -2285992814 -6857978444
T 102 12191961633 0 7 0
E 102 0 3047990415 9143971245
E 102 1 3047990416 9143971250
E 102 2 3047990415 9143971245
E 102 3 3047990412 9143971237
E 102 4 3047990409 9143971229
E 102 5 3047990407 9143971221
E 102 6 3047990404 9143971213
T 103 16255948862 0 7 0
E 103 0 -4063987210 -12191961632
E 103 1 -4063987209 -12191961627
E 103 2 -4063987210 -12191961630
E 103 3 -4063987212 -12191961638
E 103 4 -4063987215 -12191961646
E 103 5 -4063987218 -12191961654
E 103 6 -4063987220 -12191961662
T 104 21674598465 0 7 0
E 104 0 5418649621 16255948863
E 104 1 5418649622 16255948868
E 104 2 5418649622 16255948868
E 104 3 5418649620 16255948860
E 104 4 5418649617 16255948852
E 104 5 5418649614 16255948844
E 104 6 5418649612 16255948836
T 105 28899464622 0 7 0
E 105 0 -7224866153 -21674598460
E 105 1 -7224866151 -21674598455
E 105 2 -7224866150 -21674598452
E 105 3 -7224866153 -21674598460
E 105 4 -7224866156 -21674598468
E 105 5 -7224866158 -21674598476
E 105 6 -7224866161 -21674598484
T 106 38532619487 0 7 0
E 106 0 9633154874 28899464623
E 106 1 9633154876 28899464628
E 106 2 9633154877 28899464633
E 106 3 9633154875 28899464625
E 106 4 9633154872 28899464617
E 106 5 9633154869 28899464609
E 106 6 9633154867 28899464601
T 107 51376825989 0 7 0
E 107 0 -12844206496 -38532619490
E 107 1 -12844206495 -38532619485
E 107 2 -12844206493 -38532619480
E 107 3 -12844206495 -38532619485
E 107 4 -12844206497 -38532619493
E 107 5 -12844206500 -38532619501
E 107 6 -12844206503 -38532619509
T 108 68502434645 0 7 0
E 108 0 17125608662 51376825987
E 108 1 17125608664 51376825992
E 108 2 17125608665 51376825997
E 108 3 17125608664 51376825994
E 108 4 17125608662 51376825986
E 108 5 17125608659 51376825978
E 108 6 17125608656 51376825970
T 109 91336579518 0 7 0
E 109 0 -22834144880 -68502434642
E 109 1 -22834144879 -68502434637
E 109 2 -22834144877 -68502434632
E 109 3 -22834144877 -68502434632
E 109 4 -22834144880 -68502434640
E 109 5 -22834144882 -68502434648
E 109 6 -22834144885 -68502434656
T 110 121782106035 0 7 0
E 110 0 30445526507 91336579523
E 110 1 30445526509 91336579528
E 110 2 30445526511 91336579533
E 110 3 30445526512 91336579536
E 110 4 30445526509 91336579528
E 110 5 30445526506 91336579520
E 110 6 30445526504 91336579512
T 111 162376141363 0 7 0
E 111 0 -40594035343 -121782106031
E 111 1 -40594035342 -121782106026
E 111 2 -40594035340 -121782106021
E 111 3 -40594035338 -121782106016
E 111 4 -40594035341 -121782106024
E 111 5 -40594035344 -121782106032
E 111 6 -40594035346 -121782106040
T 112 216501521823 0 7 0
E 112 0 54125380453 162376141360
E 112 1 54125380455 162376141365
E 112 2 54125380456 162376141370
E 112 3 54125380458 162376141375
E 112 4 54125380456 162376141370
E 112 5 54125380454 162376141362
E 112 6 54125380451 162376141354
T 113 288668695757 0 7 0
E 113 0 -72167173943 -216501521830
E 113 1 -72167173941 -216501521825
E 113 2 -72167173940 -216501521820
E 113 3 -72167173938 -216501521815
E 113 4 -72167173939 -216501521818
E 113 5 -72167173942 -216501521826
E 113 6 -72167173944 -216501521834
T 114 384891594361 0 7 0
E 114 0 96222898586 288668695760
E 114 1 96222898588 288668695765
E 114 2 96222898590 288668695770
E 114 3 96222898591 288668695775
E 114 4 96222898591 288668695775
E 114 5 96222898589 288668695767
E 114 6 96222898586 288668695759
T 115 513188792460 0 7 0
E 115 0 -128297198120 -384891594362
E 115 1 -128297198119 -384891594357
E 115 2 -128297198117 -384891594352
E 115 3 -128297198115 -384891594347
E 115 4 -128297198114 -384891594344
E 115 5 -128297198117 -384891594352
E 115 6 -128297198120 -384891594360
T 116 684251723300 0 7 0
E 116 0 171062930820 513188792460
E 116 1 171062930821 513188792465
E 116 2 171062930823 513188792470
E 116 3 171062930825 513188792475
E 116 4 171062930826 513188792480
E 116 5 171062930824 513188792472
E 116 6 171062930821 513188792464
T 117 912335631044 0 7 0
E 117 0 -228083907767 -684251723303
E 117 1 -228083907766 -684251723298
E 117 2 -228083907764 -684251723293
E 117 3 -228083907762 -684251723288
E 117 4 -228083907761 -684251723283
E 117 5 -228083907762 -684251723288
E 117 6 -228083907765 -684251723296
T 118 1216447508085 0 7 0
E 118 0 304111877015 912335631046
E 118 1 304111877017 912335631051
E 118 2 304111877018 912335631056
E 118 3 304111877020 912335631061
E 118 4 304111877022 912335631066
E 118 5 304111877021 912335631063
E 118 6 304111877018 912335631055
T 119 1621930010749 0 7 0
E 119 0 -405482502694 -1216447508084
E 119 1 -405482502693 -1216447508079
E 119 2 -405482502691 -1216447508074
E 119 3 -405482502689 -1216447508069
E 119 4 -405482502688 -1216447508064
E 119 5 -405482502688 -1216447508064
E 119 6 -405482502690 -1216447508072
T 120 2162573347693 0 7 0
E 120 0 540643336916 1621930010749
E 120 1 540643336918 1621930010754
E 120 2 540643336919 1621930010759
E 120 3 540643336921 1621930010764
E 120 4 540643336923 1621930010769
E 120 5 540643336924 1621930010772
E 120 6 540643336921 1621930010764
T 121 2883431130222 0 7 0
E 121 0 -720857782563 -2162573347691
E 121 1 -720857782562 -2162573347686
E 121 2 -720857782560 -2162573347681
E 121 3 -720857782558 -2162573347676
E 121 4 -720857782557 -2162573347671
E 121 5 -720857782555 -2162573347666
E 121 6 -720857782558 -2162573347674
T 122 3844574840316 0 7 0
E 122 0 961143710071 2883431130215
E 122 1 961143710073 2883431130220
E 122 2 961143710075 2883431130225
E 122 3 961143710076 2883431130230
E 122 4 961143710078 2883431130235
E 122 5 961143710080 2883431130240
E 122 6 961143710078 2883431130235
X 123
F 706 10367327473408 0 110 14 0 0 1
