T 0 5 0 0 0
T 1 0 0 0 0
T 2 3 0 0 0
T 3 2 0 0 0
T 4 5 0 0 0
T 5 11 0 0 0
T 6 9 0 0 0
T 7 7 0 0 0
T 8 10 0 0 0
T 9 11 0 1 0
E 9 0 5 16
T 10 10 0 0 0
T 11 10 0 1 0
E 11 0 5 15
T 12 10 0 1 0
E 12 0 5 15
T 13 10 0 1 0
E 13 0 5 15
T 14 25 0 4 0
E 14 3 -4 -13
E 14 4 -4 -13
E 14 5 -4 -13
E 14 6 -4 -13
T 15 11 0 2 0
E 15 0 8 24
E 15 1 5 16
T 16 30 0 4 0
E 16 3 -5 -17
E 16 4 -6 -18
E 16 5 -6 -18
E 16 6 -6 -18
T 17 9 0 3 0
E 17 0 11 35
E 17 1 9 27
E 17 2 6 19
T 18 33 0 4 0
E 18 3 -5 -17
E 18 4 -7 -21
E 18 5 -7 -21
E 18 6 -7 -21
T 19 4 0 4 0
E 19 0 13 39
E 19 1 10 31
E 19 2 7 23
E 19 3 5 15
T 20 35 0 4 0
E 20 3 -4 -14
E 20 4 -7 -22
E 20 5 -7 -22
E 20 6 -7 -22
T 21 9 0 3 0
E 21 0 11 33
E 21 1 8 25
E 21 2 5 17
T 22 27 0 4 0
E 22 0 5 15
E 22 4 -5 -17
E 22 5 -6 -20
E 22 6 -6 -20
T 23 19 0 4 0
E 23 0 7 23
E 23 1 5 15
E 23 5 -4 -13
E 23 6 -4 -13
T 24 21 0 4 0
E 24 0 7 22
E 24 1 4 14
E 24 5 -5 -16
E 24 6 -5 -16
T 25 23 0 4 0
E 25 0 7 22
E 25 1 4 14
E 25 5 -6 -18
E 25 6 -6 -18
T 26 9 0 3 0
E 26 0 10 30
E 26 1 7 22
E 26 2 4 14
T 27 43 0 4 0
E 27 3 -6 -18
E 27 4 -8 -26
E 27 5 -11 -34
E 27 6 -12 -37
T 28 4 0 4 0
E 28 0 13 40
E 28 1 10 32
E 28 2 8 24
E 28 3 5 16
T 29 49 0 5 0
E 29 2 -4 -13
E 29 3 -7 -21
E 29 4 -9 -29
E 29 5 -12 -37
E 29 6 -14 -43
T 30 6 0 5 0
E 30 0 17 51
E 30 1 14 43
E 30 2 11 35
E 30 3 9 27
E 30 4 6 19
T 31 60 0 6 0
E 31 1 -4 -14
E 31 2 -7 -22
E 31 3 -10 -30
E 31 4 -12 -38
E 31 5 -15 -46
E 31 6 -18 -54
T 32 26 0 7 0
E 32 0 21 63
E 32 1 18 55
E 32 2 15 47
E 32 3 13 39
E 32 4 10 31
E 32 5 7 23
E 32 6 5 15
T 33 82 0 7 0
E 33 0 -7 -21
E 33 1 -9 -29
E 33 2 -12 -37
E 33 3 -15 -45
E 33 4 -17 -53
E 33 5 -20 -61
E 33 6 -23 -69
T 34 60 0 7 0
E 34 0 29 89
E 34 1 27 81
E 34 2 24 73
E 34 3 21 65
E 34 4 19 57
E 34 5 16 49
E 34 6 13 41
T 35 124 0 7 0
E 35 0 -17 -53
E 35 1 -20 -61
E 35 2 -23 -69
E 35 3 -25 -77
E 35 4 -28 -85
E 35 5 -31 -93
E 35 6 -33 -101
T 36 110 0 7 0
E 36 0 42 126
E 36 1 39 118
E 36 2 36 110
E 36 3 34 102
E 36 4 31 94
E 36 5 28 86
E 36 6 26 78
T 37 203 0 7 0
E 37 0 -37 -112
E 37 1 -40 -120
E 37 2 -42 -128
E 37 3 -45 -136
E 37 4 -48 -144
E 37 5 -50 -152
E 37 6 -53 -160
T 38 219 0 7 0
E 38 0 69 208
E 38 1 66 200
E 38 2 64 192
E 38 3 61 184
E 38 4 58 176
E 38 5 56 168
E 38 6 53 160
T 39 348 0 7 0
E 39 0 -73 -221
E 39 1 -76 -229
E 39 2 -79 -237
E 39 3 -81 -245
E 39 4 -84 -253
E 39 5 -87 -261
E 39 6 -89 -269
T 40 404 0 7 0
E 40 0 115 347
E 40 1 113 339
E 40 2 110 331
E 40 3 107 323
E 40 4 105 315
E 40 5 102 307
E 40 6 99 299
T 41 595 0 7 0
E 41 0 -135 -406
E 41 1 -138 -414
E 41 2 -140 -422
E 41 3 -143 -430
E 41 4 -146 -438
E 41 5 -148 -446
E 41 6 -151 -454
T 42 735 0 7 0
E 42 0 198 595
E 42 1 195 587
E 42 2 193 579
E 42 3 190 571
E 42 4 187 563
E 42 5 185 555
E 42 6 182 547
T 43 1036 0 7 0
E 43 0 -245 -737
E 43 1 -248 -745
E 43 2 -251 -753
E 43 3 -253 -761
E 43 4 -256 -769
E 43 5 -259 -777
E 43 6 -261 -785
T 44 1334 0 7 0
E 44 0 348 1044
E 44 1 345 1036
E 44 2 342 1028
E 44 3 340 1020
E 44 4 337 1012
E 44 5 334 1004
E 44 6 332 996
T 45 1831 0 7 0
E 45 0 -444 -1333
E 45 1 -447 -1341
E 45 2 -449 -1349
E 45 3 -452 -1357
E 45 4 -455 -1365
E 45 5 -457 -1373
E 45 6 -460 -1381
T 46 2390 0 7 0
E 46 0 612 1836
E 46 1 609 1828
E 46 2 606 1820
E 46 3 604 1812
E 46 4 601 1804
E 46 5 598 1796
E 46 6 596 1788
T 47 3238 0 7 0
E 47 0 -796 -2388
E 47 1 -798 -2396
E 47 2 -801 -2404
E 47 3 -804 -2412
E 47 4 -806 -2420
E 47 5 -809 -2428
E 47 6 -812 -2436
T 48 4259 0 7 0
E 48 0 1079 3238
E 48 1 1076 3230
E 48 2 1074 3222
E 48 3 1071 3214
E 48 4 1068 3206
E 48 5 1066 3198
E 48 6 1063 3190
T 49 5735 0 7 0
E 49 0 -1420 -4261
E 49 1 -1423 -4269
E 49 2 -1425 -4277
E 49 3 -1428 -4285
E 49 4 -1431 -4293
E 49 5 -1433 -4301
E 49 6 -1436 -4309
T 50 7598 0 7 0
E 50 0 1914 5742
E 50 1 1911 5734
E 50 2 1908 5726
E 50 3 1906 5718
E 50 4 1903 5710
E 50 5 1900 5702
E 50 6 1898 5694
T 51 10186 0 7 0
E 51 0 -2533 -7599
E 51 1 -2535 -7607
E 51 2 -2538 -7615
E 51 3 -2541 -7623
E 51 4 -2543 -7631
E 51 5 -2546 -7639
E 51 6 -2549 -7647
T 52 13526 0 7 0
E 52 0 3396 10188
E 52 1 3393 10180
E 52 2 3390 10172
E 52 3 3388 10164
E 52 4 3385 10156
E 52 5 3382 10148
E 52 6 3380 10140
T 53 18082 0 7 0
E 53 0 -4507 -13521
E 53 1 -4509 -13529
E 53 2 -4512 -13537
E 53 3 -4515 -13545
E 53 4 -4517 -13553
E 53 5 -4520 -13561
E 53 6 -4523 -13569
T 54 24051 0 7 0
E 54 0 6027 18082
E 54 1 6024 18074
E 54 2 6022 18066
E 54 3 6019 18058
E 54 4 6016 18050
E 54 5 6014 18042
E 54 6 6011 18034
T 55 32119 0 7 0
E 55 0 -8016 -24049
E 55 1 -8019 -24057
E 55 2 -8021 -24065
E 55 3 -8024 -24073
E 55 4 -8027 -24081
E 55 5 -8029 -24089
E 55 6 -8032 -24097
T 56 42776 0 7 0
E 56 0 10708 32126
E 56 1 10706 32118
E 56 2 10703 32110
E 56 3 10700 32102
E 56 4 10698 32094
E 56 5 10695 32086
E 56 6 10692 32078
T 57 57091 0 7 0
E 57 0 -14259 -42778
E 57 1 -14262 -42786
E 57 2 -14264 -42794
E 57 3 -14267 -42802
E 57 4 -14270 -42810
E 57 5 -14272 -42818
E 57 6 -14275 -42826
T 58 76062 0 7 0
E 58 0 19030 57090
E 58 1 19027 57082
E 58 2 19024 57074
E 58 3 19022 57066
E 58 4 19019 57058
E 58 5 19016 57050
E 58 6 19014 57042
T 59 101474 0 7 0
E 59 0 -25355 -76065
E 59 1 -25357 -76073
E 59 2 -25360 -76081
E 59 3 -25363 -76089
E 59 4 -25365 -76097
E 59 5 -25368 -76105
E 59 6 -25371 -76113
T 60 135243 0 7 0
E 60 0 33825 101476
E 60 1 33822 101468
E 60 2 33820 101460
E 60 3 33817 101452
E 60 4 33814 101444
E 60 5 33812 101436
E 60 6 33809 101428
T 61 180370 0 7 0
E 61 0 -45079 -135237
E 61 1 -45081 -135245
E 61 2 -45084 -135253
E 61 3 -45087 -135261
E 61 4 -45089 -135269
E 61 5 -45092 -135277
E 61 6 -45095 -135285
T 62 240446 0 7 0
E 62 0 60126 180378
E 62 1 60123 180370
E 62 2 60120 180362
E 62 3 60118 180354
E 62 4 60115 180346
E 62 5 60112 180338
E 62 6 60110 180330
T 63 320646 0 7 0
E 63 0 -80148 -240444
E 63 1 -80150 -240452
E 63 2 -80153 -240460
E 63 3 -80156 -240468
E 63 4 -80158 -240476
E 63 5 -80161 -240484
E 63 6 -80164 -240492
T 64 427466 0 7 0
E 64 0 106881 320643
E 64 1 106878 320635
E 64 2 106875 320627
E 64 3 106873 320619
E 64 4 106870 320611
E 64 5 106867 320603
E 64 6 106865 320595
T 65 570002 0 7 0
E 65 0 -142487 -427461
E 65 1 -142489 -427469
E 65 2 -142492 -427477
E 65 3 -142495 -427485
E 65 4 -142497 -427493
E 65 5 -142500 -427501
E 65 6 -142503 -427509
T 66 759951 0 7 0
E 66 0 190002 570007
E 66 1 189999 569999
E 66 2 189997 569991
E 66 3 189994 569983
E 66 4 189991 569975
E 66 5 189989 569967
E 66 6 189986 569959
T 67 1013326 0 7 0
E 67 0 -253318 -759954
E 67 1 -253320 -759962
E 67 2 -253323 -759970
E 67 3 -253326 -759978
E 67 4 -253328 -759986
E 67 5 -253331 -759994
E 67 6 -253334 -760002
T 68 1351044 0 7 0
E 68 0 337775 1013327
E 68 1 337773 1013319
E 68 2 337770 1013311
E 68 3 337767 1013303
E 68 4 337765 1013295
E 68 5 337762 1013287
E 68 6 337759 1013279
T 69 1801442 0 7 0
E 69 0 -450347 -1351041
E 69 1 -450349 -1351049
E 69 2 -450352 -1351057
E 69 3 -450355 -1351065
E 69 4 -450357 -1351073
E 69 5 -450360 -1351081
E 69 6 -450363 -1351089
T 70 2401859 0 7 0
E 70 0 600479 1801438
E 70 1 600476 1801430
E 70 2 600474 1801422
E 70 3 600471 1801414
E 70 4 600468 1801406
E 70 5 600466 1801398
E 70 6 600463 1801390
T 71 3202534 0 7 0
E 71 0 -800620 -2401860
E 71 1 -800622 -2401868
E 71 2 -800625 -2401876
E 71 3 -800628 -2401884
E 71 4 -800630 -2401892
E 71 5 -800633 -2401900
E 71 6 -800636 -2401908
T 72 4269987 0 7 0
E 72 0 1067511 3202534
E 72 1 1067508 3202526
E 72 2 1067506 3202518
E 72 3 1067503 3202510
E 72 4 1067500 3202502
E 72 5 1067498 3202494
E 72 6 1067495 3202486
T 73 5693370 0 7 0
E 73 0 -1423329 -4269987
E 73 1 -1423331 -4269995
E 73 2 -1423334 -4270003
E 73 3 -1423337 -4270011
E 73 4 -1423339 -4270019
E 73 5 -1423342 -4270027
E 73 6 -1423345 -4270035
T 74 7591100 0 7 0
E 74 0 1897789 5693369
E 74 1 1897787 5693361
E 74 2 1897784 5693353
E 74 3 1897781 5693345
E 74 4 1897779 5693337
E 74 5 1897776 5693329
E 74 6 1897773 5693321
T 75 10121514 0 7 0
E 75 0 -2530365 -7591095
E 75 1 -2530367 -7591103
E 75 2 -2530370 -7591111
E 75 3 -2530373 -7591119
E 75 4 -2530375 -7591127
E 75 5 -2530378 -7591135
E 75 6 -2530381 -7591143
T 76 13495294 0 7 0
E 76 0 3373838 10121514
E 76 1 3373835 10121506
E 76 2 3373832 10121498
E 76 3 3373830 10121490
E 76 4 3373827 10121482
E 76 5 3373824 10121474
E 76 6 3373822 10121466
T 77 17993770 0 7 0
E 77 0 -4498429 -13495287
E 77 1 -4498431 -13495295
E 77 2 -4498434 -13495303
E 77 3 -4498437 -13495311
E 77 4 -4498439 -13495319
E 77 5 -4498442 -13495327
E 77 6 -4498445 -13495335
T 78 23991644 0 7 0
E 78 0 5997925 17993777
E 78 1 5997923 17993769
E 78 2 5997920 17993761
E 78 3 5997917 17993753
E 78 4 5997915 17993745
E 78 5 5997912 17993737
E 78 6 5997909 17993729
T 79 31988903 0 7 0
E 79 0 -7997212 -23991637
E 79 1 -7997215 -23991645
E 79 2 -7997217 -23991653
E 79 3 -7997220 -23991661
E 79 4 -7997223 -23991669
E 79 5 -7997225 -23991677
E 79 6 -7997228 -23991685
T 80 42651812 0 7 0
E 80 0 10662967 31988903
E 80 1 10662965 31988895
E 80 2 10662962 31988887
E 80 3 10662959 31988879
E 80 4 10662957 31988871
E 80 5 10662954 31988863
E 80 6 10662951 31988855
T 81 56869134 0 7 0
E 81 0 -14217270 -42651810
E 81 1 -14217272 -42651818
E 81 2 -14217275 -42651826
E 81 3 -14217278 -42651834
E 81 4 -14217280 -42651842
E 81 5 -14217283 -42651850
E 81 6 -14217286 -42651858
T 82 75825459 0 7 0
E 82 0 18956379 56869138
E 82 1 18956376 56869130
E 82 2 18956374 56869122
E 82 3 18956371 56869114
E 82 4 18956368 56869106
E 82 5 18956366 56869098
E 82 6 18956363 56869090
T 83 101100670 0 7 0
E 83 0 -25275154 -75825462
E 83 1 -25275156 -75825470
E 83 2 -25275159 -75825478
E 83 3 -25275162 -75825486
E 83 4 -25275164 -75825494
E 83 5 -25275167 -75825502
E 83 6 -25275170 -75825510
T 84 134800835 0 7 0
E 84 0 33700223 101100670
E 84 1 33700220 101100662
E 84 2 33700218 101100654
E 84 3 33700215 101100646
E 84 4 33700212 101100638
E 84 5 33700210 101100630
E 84 6 33700207 101100622
T 85 179734491 0 7 0
E 85 0 -44933609 -134800828
E 85 1 -44933612 -134800836
E 85 2 -44933614 -134800844
E 85 3 -44933617 -134800852
E 85 4 -44933620 -134800860
E 85 5 -44933622 -134800868
E 85 6 -44933625 -134800876
T 86 239645939 0 7 0
E 86 0 59911499 179734498
E 86 1 59911496 179734490
E 86 2 59911494 179734482
E 86 3 59911491 179734474
E 86 4 59911488 179734466
E 86 5 59911486 179734458
E 86 6 59911483 179734450
T 87 319527978 0 7 0
E 87 0 -79881981 -239645943
E 87 1 -79881983 -239645951
E 87 2 -79881986 -239645959
E 87 3 -79881989 -239645967
E 87 4 -79881991 -239645975
E 87 5 -79881994 -239645983
E 87 6 -79881997 -239645991
T 88 426037246 0 7 0
E 88 0 106509326 319527978
E 88 1 106509323 319527970
E 88 2 106509320 319527962
E 88 3 106509318 319527954
E 88 4 106509315 319527946
E 88 5 106509312 319527938
E 88 6 106509310 319527930
T 89 568049715 0 7 0
E 89 0 -142012415 -426037246
E 89 1 -142012418 -426037254
E 89 2 -142012420 -426037262
E 89 3 -142012423 -426037270
E 89 4 -142012426 -426037278
E 89 5 -142012428 -426037286
E 89 6 -142012431 -426037294
T 90 757399559 0 7 0
E 90 0 189349904 568049713
E 90 1 189349901 568049705
E 90 2 189349899 568049697
E 90 3 189349896 568049689
E 90 4 189349893 568049681
E 90 5 189349891 568049673
E 90 6 189349888 568049665
T 91 1009866124 0 7 0
E 91 0 -252466517 -757399553
E 91 1 -252466520 -757399561
E 91 2 -252466523 -757399569
E 91 3 -252466525 -757399577
E 91 4 -252466528 -757399585
E 91 5 -252466531 -757399593
E 91 6 -252466533 -757399601
T 92 1346488115 0 7 0
E 92 0 336622043 1009866130
E 92 1 336622040 1009866122
E 92 2 336622038 1009866114
E 92 3 336622035 1009866106
E 92 4 336622032 1009866098
E 92 5 336622030 1009866090
E 92 6 336622027 1009866082
T 93 1795317544 0 7 0
E 93 0 -448829372 -1346488118
E 93 1 -448829375 -1346488126
E 93 2 -448829378 -1346488134
E 93 3 -448829380 -1346488142
E 93 4 -448829383 -1346488150
E 93 5 -448829386 -1346488158
E 93 6 -448829388 -1346488166
T 94 2393756670 0 7 0
E 94 0 598439182 1795317546
E 94 1 598439179 1795317538
E 94 2 598439176 1795317530
E 94 3 598439174 1795317522
E 94 4 598439171 1795317514
E 94 5 598439168 1795317506
E 94 6 598439166 1795317498
T 95 3191675616 0 7 0
E 95 0 -797918890 -2393756672
E 95 1 -797918893 -2393756680
E 95 2 -797918896 -2393756688
E 95 3 -797918898 -2393756696
E 95 4 -797918901 -2393756704
E 95 5 -797918904 -2393756712
E 95 6 -797918906 -2393756720
T 96 4255567430 0 7 0
E 96 0 1063891872 3191675616
E 96 1 1063891869 3191675608
E 96 2 1063891866 3191675600
E 96 3 1063891864 3191675592
E 96 4 1063891861 3191675584
E 96 5 1063891858 3191675576
E 96 6 1063891856 3191675568
T 97 5674089956 0 7 0
E 97 0 -1418522477 -4255567431
E 97 1 -1418522478 -4255567436
E 97 2 -1418522481 -4255567444
E 97 3 -1418522484 -4255567452
E 97 4 -1418522486 -4255567460
E 97 5 -1418522489 -4255567468
E 97 6 -1418522492 -4255567476
T 98 7565453220 0 7 0
E 98 0 1891363317 5674089951
E 98 1 1891363316 5674089948
E 98 2 1891363313 5674089940
E 98 3 1891363310 5674089932
E 98 4 1891363308 5674089924
E 98 5 1891363305 5674089916
E 98 6 1891363302 5674089908
T 99 10087271002 0 7 0
E 99 0 -2521817741 -7565453223
E 99 1 -2521817741 -7565453223
E 99 2 -2521817743 -7565453231
E 99 3 -2521817746 -7565453239
E 99 4 -2521817749 -7565453247
E 99 5 -2521817751 -7565453255
E 99 6 -2521817754 -7565453263
T 100 13449694625 0 7 0
E 100 0 3362423665 10087270996
E 100 1 3362423666 10087270999
E 100 2 3362423663 10087270991
E 100 3 3362423661 10087270983
E 100 4 3362423658 10087270975
E 100 5 3362423655 10087270967
E 100 6 3362423653 10087270959
T 101 17932926190 0 7 0
E 101 0 -4483231540 -13449694622
E 101 1 -4483231539 -13449694617
E 101 2 -4483231541 -13449694625
E 101 3 -4483231544 -13449694633
E 101 4 -4483231547 -13449694641
E 101 5 -4483231549 -13449694649
E 101 6 -4483231552 -13449694657
T 102 23910568229 0 7 0
E 102 0 5977642064 17932926192
E 102 1 5977642065 17932926197
E 102 2 5977642064 17932926192
E 102 3 5977642061 17932926184
E 102 4 5977642058 17932926176
E 102 5 5977642056 17932926168
E 102 6 5977642053 17932926160
T 103 31880757656 0 7 0
E 103 0 -7970189409 -23910568227
E 103 1 -7970189407 -23910568222
E 103 2 -7970189408 -23910568225
E 103 3 -7970189411 -23910568233
E 103 4 -7970189413 -23910568241
E 103 5 -7970189416 -23910568249
E 103 6 -7970189419 -23910568257
T 104 42507676851 0 7 0
E 104 0 10626919217 31880757652
E 104 1 10626919219 31880757657
E 104 2 10626919219 31880757657
E 104 3 10626919216 31880757649
E 104 4 10626919213 31880757641
E 104 5 10626919211 31880757633
E 104 6 10626919208 31880757625
T 105 56676902478 0 7 0
E 105 0 -14169225617 -42507676851
E 105 1 -14169225615 -42507676846
E 105 2 -14169225614 -42507676843
E 105 3 -14169225617 -42507676851
E 105 4 -14169225619 -42507676859
E 105 5 -14169225622 -42507676867
E 105 6 -14169225625 -42507676875
T 106 75569203287 0 7 0
E 106 0 18892300824 56676902473
E 106 1 18892300826 56676902478
E 106 2 18892300827 56676902483
E 106 3 18892300825 56676902475
E 106 4 18892300822 56676902467
E 106 5 18892300819 56676902459
E 106 6 18892300817 56676902451
T 107 100758937723 0 7 0
E 107 0 -25189734430 -75569203291
E 107 1 -25189734428 -75569203286
E 107 2 -25189734427 -75569203281
E 107 3 -25189734428 -75569203286
E 107 4 -25189734431 -75569203294
E 107 5 -25189734434 -75569203302
E 107 6 -25189734436 -75569203310
T 108 134345250299 0 7 0
E 108 0 33586312575 100758937727
E 108 1 33586312577 100758937732
E 108 2 33586312579 100758937737
E 108 3 33586312578 100758937734
E 108 4 33586312575 100758937726
E 108 5 33586312572 100758937718
E 108 6 33586312570 100758937710
T 109 179127000390 0 7 0
E 109 0 -44781750098 -134345250296
E 109 1 -44781750097 -134345250291
E 109 2 -44781750095 -134345250286
E 109 3 -44781750095 -134345250286
E 109 4 -44781750098 -134345250294
E 109 5 -44781750100 -134345250302
E 109 6 -44781750103 -134345250310
T 110 238836000516 0 7 0
E 110 0 59709000128 179127000384
E 110 1 59709000129 179127000389
E 110 2 59709000131 179127000394
E 110 3 59709000132 179127000397
E 110 4 59709000129 179127000389
E 110 5 59709000127 179127000381
E 110 6 59709000124 179127000373
T 111 318448000683 0 7 0
E 111 0 -79612000173 -238836000521
E 111 1 -79612000172 -238836000516
E 111 2 -79612000170 -238836000511
E 111 3 -79612000168 -238836000506
E 111 4 -79612000171 -238836000514
E 111 5 -79612000174 -238836000522
E 111 6 -79612000176 -238836000530
T 112 424597334252 0 7 0
E 112 0 106149333560 318448000682
E 112 1 106149333562 318448000687
E 112 2 106149333564 318448000692
E 112 3 106149333565 318448000697
E 112 4 106149333564 318448000692
E 112 5 106149333561 318448000684
E 112 6 106149333558 318448000676
T 113 566129778982 0 7 0
E 113 0 -141532444749 -424597334249
E 113 1 -141532444748 -424597334244
E 113 2 -141532444746 -424597334239
E 113 3 -141532444744 -424597334234
E 113 4 -141532444745 -424597334237
E 113 5 -141532444748 -424597334245
E 113 6 -141532444751 -424597334253
T 114 754839705327 0 7 0
E 114 0 188709926328 566129778984
E 114 1 188709926329 566129778989
E 114 2 188709926331 566129778994
E 114 3 188709926333 566129778999
E 114 4 188709926333 566129778999
E 114 5 188709926330 566129778991
E 114 6 188709926327 566129778983
T 115 1006452940411 0 7 0
E 115 0 -251613235108 -754839705325
E 115 1 -251613235106 -754839705320
E 115 2 -251613235105 -754839705315
E 115 3 -251613235103 -754839705310
E 115 4 -251613235102 -754839705307
E 115 5 -251613235105 -754839705315
E 115 6 -251613235107 -754839705323
T 116 1341937253901 0 7 0
E 116 0 335484313470 1006452940411
E 116 1 335484313472 1006452940416
E 116 2 335484313473 1006452940421
E 116 3 335484313475 1006452940426
E 116 4 335484313477 1006452940431
E 116 5 335484313474 1006452940423
E 116 6 335484313471 1006452940415
T 117 1789249671840 0 7 0
E 117 0 -447312417966 -1341937253900
E 117 1 -447312417965 -1341937253895
E 117 2 -447312417963 -1341937253890
E 117 3 -447312417961 -1341937253885
E 117 4 -447312417960 -1341937253880
E 117 5 -447312417961 -1341937253885
E 117 6 -447312417964 -1341937253893
T 118 2385666229149 0 7 0
E 118 0 596416557281 1789249671844
E 118 1 596416557283 1789249671849
E 118 2 596416557284 1789249671854
E 118 3 596416557286 1789249671859
E 118 4 596416557288 1789249671864
E 118 5 596416557287 1789249671861
E 118 6 596416557284 1789249671853
T 119 3180888305509 0 7 0
E 119 0 -795222076384 -2385666229154
E 119 1 -795222076383 -2385666229149
E 119 2 -795222076381 -2385666229144
E 119 3 -795222076379 -2385666229139
E 119 4 -795222076378 -2385666229134
E 119 5 -795222076378 -2385666229134
E 119 6 -795222076380 -2385666229142
T 120 4241184407369 0 7 0
E 120 0 1060296101835 3180888305507
E 120 1 1060296101837 3180888305512
E 120 2 1060296101839 3180888305517
E 120 3 1060296101840 3180888305522
E 120 4 1060296101842 3180888305527
E 120 5 1060296101843 3180888305530
E 120 6 1060296101840 3180888305522
T 121 5654912543122 0 7 0
E 121 0 -1413728135788 -4241184407366
E 121 1 -1413728135787 -4241184407361
E 121 2 -1413728135785 -4241184407356
E 121 3 -1413728135783 -4241184407351
E 121 4 -1413728135782 -4241184407346
E 121 5 -1413728135780 -4241184407341
E 121 6 -1413728135783 -4241184407349
T 122 7539883390859 0 7 0
E 122 0 1884970847707 5654912543122
E 122 1 1884970847709 5654912543127
E 122 2 1884970847710 5654912543132
E 122 3 1884970847712 5654912543137
E 122 4 1884970847714 5654912543142
E 122 5 1884970847715 5654912543147
E 122 6 1884970847714 5654912543142
T 123 10053177854437 0 7 0
E 123 0 -2513294463618 -7539883390854
E 123 1 -2513294463616 -7539883390849
E 123 2 -2513294463614 -7539883390844
E 123 3 -2513294463613 -7539883390839
E 123 4 -2513294463611 -7539883390834
E 123 5 -2513294463609 -7539883390829
E 123 6 -2513294463610 -7539883390832
T 124 13404237139272 0 7 0
E 124 0 3351059284810 10053177854431
E 124 1 3351059284812 10053177854436
E 124 2 3351059284813 10053177854441
E 124 3 3351059284815 10053177854446
E 124 4 3351059284817 10053177854451
E 124 5 3351059284818 10053177854456
E 124 6 3351059284818 10053177854456
T 125 17872316185657 0 7 0
E 125 0 -4468079046423 -13404237139270
E 125 1 -4468079046421 -13404237139265
E 125 2 -4468079046420 -13404237139260
E 125 3 -4468079046418 -13404237139255
E 125 4 -4468079046416 -13404237139250
E 125 5 -4468079046415 -13404237139245
E 125 6 -4468079046414 -13404237139242
X 126
F 733 23474919016086 0 114 14 0 0 1
