T 0 2 0 0 0
T 1 0 0 0 0
T 2 4 0 0 0
T 3 6 0 0 0
T 4 16 0 6 0
E 4 1 -4 -14
E 4 2 -4 -14
E 4 3 -4 -14
E 4 4 -4 -14
E 4 5 -4 -14
E 4 6 -4 -14
T 5 10 0 1 0
E 5 0 5 15
T 6 12 0 0 0
T 7 14 0 1 0
E 7 0 6 20
T 8 13 0 1 0
E 8 0 6 19
T 9 10 0 0 0
T 10 7 0 0 0
T 11 23 0 5 0
E 11 2 -4 -13
E 11 3 -4 -14
E 11 4 -4 -14
E 11 5 -4 -14
E 11 6 -4 -14
T 12 11 0 2 0
E 12 0 8 24
E 12 1 5 16
T 13 10 0 0 0
T 14 12 0 0 0
T 15 27 0 4 0
E 15 3 -4 -13
E 15 4 -4 -13
E 15 5 -4 -13
E 15 6 -4 -13
T 16 12 0 2 0
E 16 0 8 26
E 16 1 6 18
T 17 27 0 3 0
E 17 4 -5 -15
E 17 5 -5 -15
E 17 6 -5 -15
T 18 13 0 2 0
E 18 0 9 28
E 18 1 6 20
T 19 13 0 1 0
E 19 0 6 19
T 20 10 0 2 0
E 20 0 7 21
E 20 1 4 13
T 21 37 0 4 0
E 21 3 -5 -16
E 21 4 -8 -24
E 21 5 -8 -25
E 21 6 -8 -25
T 22 3 0 4 0
E 22 0 14 42
E 22 1 11 34
E 22 2 8 26
E 22 3 6 18
T 23 40 0 4 0
E 23 3 -6 -19
E 23 4 -9 -27
E 23 5 -10 -31
E 23 6 -10 -31
T 24 3 0 4 0
E 24 0 14 43
E 24 1 11 35
E 24 2 9 27
E 24 3 6 19
T 25 41 0 4 0
E 25 3 -5 -16
E 25 4 -8 -24
E 25 5 -10 -32
E 25 6 -10 -32
T 26 4 0 4 0
E 26 0 13 40
E 26 1 10 32
E 26 2 8 24
E 26 3 5 16
T 27 44 0 4 0
E 27 3 -6 -20
E 27 4 -9 -28
E 27 5 -12 -36
E 27 6 -13 -39
T 28 4 0 5 0
E 28 0 16 48
E 28 1 13 40
E 28 2 10 32
E 28 3 8 24
E 28 4 5 16
T 29 53 0 5 0
E 29 2 -6 -20
E 29 3 -9 -28
E 29 4 -12 -36
E 29 5 -14 -44
E 29 6 -16 -50
T 30 23 0 7 0
E 30 0 20 61
E 30 1 17 53
E 30 2 15 45
E 30 3 12 37
E 30 4 9 29
E 30 5 7 21
E 30 6 4 13
T 31 90 0 7 0
E 31 0 -9 -27
E 31 1 -11 -35
E 31 2 -14 -43
E 31 3 -17 -51
E 31 4 -19 -59
E 31 5 -22 -67
E 31 6 -25 -75
T 32 72 0 7 0
E 32 0 32 98
E 32 1 30 90
E 32 2 27 82
E 32 3 24 74
E 32 4 22 66
E 32 5 19 58
E 32 6 16 50
T 33 140 0 7 0
E 33 0 -21 -65
E 33 1 -24 -73
E 33 2 -27 -81
E 33 3 -29 -89
E 33 4 -32 -97
E 33 5 -35 -105
E 33 6 -37 -113
T 34 132 0 7 0
E 34 0 47 143
E 34 1 45 135
E 34 2 42 127
E 34 3 39 119
E 34 4 37 111
E 34 5 34 103
E 34 6 31 95
T 35 230 0 7 0
E 35 0 -44 -132
E 35 1 -46 -140
E 35 2 -49 -148
E 35 3 -52 -156
E 35 4 -54 -164
E 35 5 -57 -172
E 35 6 -60 -180
T 36 254 0 7 0
E 36 0 78 234
E 36 1 75 226
E 36 2 72 218
E 36 3 70 210
E 36 4 67 202
E 36 5 64 194
E 36 6 62 186
T 37 388 0 7 0
E 37 0 -83 -251
E 37 1 -86 -259
E 37 2 -89 -267
E 37 3 -91 -275
E 37 4 -94 -283
E 37 5 -97 -291
E 37 6 -99 -299
T 38 462 0 7 0
E 38 0 130 390
E 38 1 127 382
E 38 2 124 374
E 38 3 122 366
E 38 4 119 358
E 38 5 116 350
E 38 6 114 342
T 39 668 0 7 0
E 39 0 -153 -461
E 39 1 -156 -469
E 39 2 -159 -477
E 39 3 -161 -485
E 39 4 -164 -493
E 39 5 -167 -501
E 39 6 -169 -509
T 40 835 0 7 0
E 40 0 223 670
E 40 1 220 662
E 40 2 218 654
E 40 3 215 646
E 40 4 212 638
E 40 5 210 630
E 40 6 207 622
T 41 1167 0 7 0
E 41 0 -278 -835
E 41 1 -281 -843
E 41 2 -283 -851
E 41 3 -286 -859
E 41 4 -289 -867
E 41 5 -291 -875
E 41 6 -294 -883
T 42 1492 0 7 0
E 42 0 387 1163
E 42 1 385 1155
E 42 2 382 1147
E 42 3 379 1139
E 42 4 377 1131
E 42 5 374 1123
E 42 6 371 1115
T 43 2043 0 7 0
E 43 0 -497 -1492
E 43 1 -500 -1500
E 43 2 -502 -1508
E 43 3 -505 -1516
E 43 4 -508 -1524
E 43 5 -510 -1532
E 43 6 -513 -1540
T 44 2663 0 7 0
E 44 0 680 2041
E 44 1 677 2033
E 44 2 675 2025
E 44 3 672 2017
E 44 4 669 2009
E 44 5 667 2001
E 44 6 664 1993
T 45 3606 0 7 0
E 45 0 -888 -2664
E 45 1 -890 -2672
E 45 2 -893 -2680
E 45 3 -896 -2688
E 45 4 -898 -2696
E 45 5 -901 -2704
E 45 6 -904 -2712
T 46 4759 0 7 0
E 46 0 1204 3613
E 46 1 1201 3605
E 46 2 1199 3597
E 46 3 1196 3589
E 46 4 1193 3581
E 46 5 1191 3573
E 46 6 1188 3565
T 47 6391 0 7 0
E 47 0 -1584 -4753
E 47 1 -1587 -4761
E 47 2 -1589 -4769
E 47 3 -1592 -4777
E 47 4 -1595 -4785
E 47 5 -1597 -4793
E 47 6 -1600 -4801
T 48 8468 0 7 0
E 48 0 2131 6395
E 48 1 2129 6387
E 48 2 2126 6379
E 48 3 2123 6371
E 48 4 2121 6363
E 48 5 2118 6355
E 48 6 2115 6347
T 49 11334 0 7 0
E 49 0 -2820 -8460
E 49 1 -2822 -8468
E 49 2 -2825 -8476
E 49 3 -2828 -8484
E 49 4 -2830 -8492
E 49 5 -2833 -8500
E 49 6 -2836 -8508
T 50 15056 0 7 0
E 50 0 3778 11336
E 50 1 3776 11328
E 50 2 3773 11320
E 50 3 3770 11312
E 50 4 3768 11304
E 50 5 3765 11296
E 50 6 3762 11288
T 51 20123 0 7 0
E 51 0 -5017 -15052
E 51 1 -5020 -15060
E 51 2 -5022 -15068
E 51 3 -5025 -15076
E 51 4 -5028 -15084
E 51 5 -5030 -15092
E 51 6 -5033 -15100
T 52 26767 0 7 0
E 52 0 6706 20119
E 52 1 6703 20111
E 52 2 6701 20103
E 52 3 6698 20095
E 52 4 6695 20087
E 52 5 6693 20079
E 52 6 6690 20071
T 53 35742 0 7 0
E 53 0 -8922 -26766
E 53 1 -8924 -26774
E 53 2 -8927 -26782
E 53 3 -8930 -26790
E 53 4 -8932 -26798
E 53 5 -8935 -26806
E 53 6 -8938 -26814
T 54 47595 0 7 0
E 54 0 11913 35740
E 54 1 11910 35732
E 54 2 11908 35724
E 54 3 11905 35716
E 54 4 11902 35708
E 54 5 11900 35700
E 54 6 11897 35692
T 55 63506 0 7 0
E 55 0 -15863 -47589
E 55 1 -15865 -47597
E 55 2 -15868 -47605
E 55 3 -15871 -47613
E 55 4 -15873 -47621
E 55 5 -15876 -47629
E 55 6 -15879 -47637
T 56 84611 0 7 0
E 56 0 21167 63502
E 56 1 21164 63494
E 56 2 21162 63486
E 56 3 21159 63478
E 56 4 21156 63470
E 56 5 21154 63462
E 56 6 21151 63454
T 57 112868 0 7 0
E 57 0 -28203 -84611
E 57 1 -28206 -84619
E 57 2 -28209 -84627
E 57 3 -28211 -84635
E 57 4 -28214 -84643
E 57 5 -28217 -84651
E 57 6 -28219 -84659
T 58 150426 0 7 0
E 58 0 37621 112863
E 58 1 37618 112855
E 58 2 37615 112847
E 58 3 37613 112839
E 58 4 37610 112831
E 58 5 37607 112823
E 58 6 37605 112815
T 59 200619 0 7 0
E 59 0 -50141 -150424
E 59 1 -50144 -150432
E 59 2 -50146 -150440
E 59 3 -50149 -150448
E 59 4 -50152 -150456
E 59 5 -50154 -150464
E 59 6 -50157 -150472
T 60 267444 0 7 0
E 60 0 66875 200627
E 60 1 66873 200619
E 60 2 66870 200611
E 60 3 66867 200603
E 60 4 66865 200595
E 60 5 66862 200587
E 60 6 66859 200579
T 61 356640 0 7 0
E 61 0 -89146 -267440
E 61 1 -89149 -267448
E 61 2 -89152 -267456
E 61 3 -89154 -267464
E 61 4 -89157 -267472
E 61 5 -89160 -267480
E 61 6 -89162 -267488
T 62 475459 0 7 0
E 62 0 118879 356638
E 62 1 118876 356630
E 62 2 118874 356622
E 62 3 118871 356614
E 62 4 118868 356606
E 62 5 118866 356598
E 62 6 118863 356590
T 63 633998 0 7 0
E 63 0 -158486 -475458
E 63 1 -158488 -475466
E 63 2 -158491 -475474
E 63 3 -158494 -475482
E 63 4 -158496 -475490
E 63 5 -158499 -475498
E 63 6 -158502 -475506
T 64 845279 0 7 0
E 64 0 211334 634003
E 64 1 211331 633995
E 64 2 211329 633987
E 64 3 211326 633979
E 64 4 211323 633971
E 64 5 211321 633963
E 64 6 211318 633955
T 65 1127083 0 7 0
E 65 0 -281757 -845272
E 65 1 -281760 -845280
E 65 2 -281762 -845288
E 65 3 -281765 -845296
E 65 4 -281768 -845304
E 65 5 -281770 -845312
E 65 6 -281773 -845320
T 66 1502719 0 7 0
E 66 0 375694 1127083
E 66 1 375691 1127075
E 66 2 375689 1127067
E 66 3 375686 1127059
E 66 4 375683 1127051
E 66 5 375681 1127043
E 66 6 375678 1127035
T 67 2003683 0 7 0
E 67 0 -500907 -1502722
E 67 1 -500910 -1502730
E 67 2 -500912 -1502738
E 67 3 -500915 -1502746
E 67 4 -500918 -1502754
E 67 5 -500920 -1502762
E 67 6 -500923 -1502770
T 68 2671519 0 7 0
E 68 0 667894 2003683
E 68 1 667891 2003675
E 68 2 667889 2003667
E 68 3 667886 2003659
E 68 4 667883 2003651
E 68 5 667881 2003643
E 68 6 667878 2003635
T 69 3562074 0 7 0
E 69 0 -890505 -2671515
E 69 1 -890507 -2671523
E 69 2 -890510 -2671531
E 69 3 -890513 -2671539
E 69 4 -890515 -2671547
E 69 5 -890518 -2671555
E 69 6 -890521 -2671563
T 70 4749384 0 7 0
E 70 0 1187360 3562082
E 70 1 1187358 3562074
E 70 2 1187355 3562066
E 70 3 1187352 3562058
E 70 4 1187350 3562050
E 70 5 1187347 3562042
E 70 6 1187344 3562034
T 71 6332558 0 7 0
E 71 0 -1583126 -4749378
E 71 1 -1583128 -4749386
E 71 2 -1583131 -4749394
E 71 3 -1583134 -4749402
E 71 4 -1583136 -4749410
E 71 5 -1583139 -4749418
E 71 6 -1583142 -4749426
T 72 8443362 0 7 0
E 72 0 2110855 6332565
E 72 1 2110852 6332557
E 72 2 2110849 6332549
E 72 3 2110847 6332541
E 72 4 2110844 6332533
E 72 5 2110841 6332525
E 72 6 2110839 6332517
T 73 11257862 0 7 0
E 73 0 -2814452 -8443356
E 73 1 -2814454 -8443364
E 73 2 -2814457 -8443372
E 73 3 -2814460 -8443380
E 73 4 -2814462 -8443388
E 73 5 -2814465 -8443396
E 73 6 -2814468 -8443404
T 74 15010424 0 7 0
E 74 0 3752620 11257862
E 74 1 3752618 11257854
E 74 2 3752615 11257846
E 74 3 3752612 11257838
E 74 4 3752610 11257830
E 74 5 3752607 11257822
E 74 6 3752604 11257814
T 75 20013947 0 7 0
E 75 0 -5003473 -15010420
E 75 1 -5003476 -15010428
E 75 2 -5003478 -15010436
E 75 3 -5003481 -15010444
E 75 4 -5003484 -15010452
E 75 5 -5003486 -15010460
E 75 6 -5003489 -15010468
T 76 26685199 0 7 0
E 76 0 6671314 20013943
E 76 1 6671311 20013935
E 76 2 6671309 20013927
E 76 3 6671306 20013919
E 76 4 6671303 20013911
E 76 5 6671301 20013903
E 76 6 6671298 20013895
T 77 35580323 0 7 0
E 77 0 -8895067 -26685202
E 77 1 -8895070 -26685210
E 77 2 -8895072 -26685218
E 77 3 -8895075 -26685226
E 77 4 -8895078 -26685234
E 77 5 -8895080 -26685242
E 77 6 -8895083 -26685250
T 78 47440376 0 7 0
E 78 0 11860108 35580326
E 78 1 11860106 35580318
E 78 2 11860103 35580310
E 78 3 11860100 35580302
E 78 4 11860098 35580294
E 78 5 11860095 35580286
E 78 6 11860092 35580278
T 79 63253880 0 7 0
E 79 0 -15813456 -47440370
E 79 1 -15813459 -47440378
E 79 2 -15813462 -47440386
E 79 3 -15813464 -47440394
E 79 4 -15813467 -47440402
E 79 5 -15813470 -47440410
E 79 6 -15813472 -47440418
T 80 84338455 0 7 0
E 80 0 21084628 63253885
E 80 1 21084625 63253877
E 80 2 21084623 63253869
E 80 3 21084620 63253861
E 80 4 21084617 63253853
E 80 5 21084615 63253845
E 80 6 21084612 63253837
T 81 112451326 0 7 0
E 81 0 -28112818 -84338454
E 81 1 -28112820 -84338462
E 81 2 -28112823 -84338470
E 81 3 -28112826 -84338478
E 81 4 -28112828 -84338486
E 81 5 -28112831 -84338494
E 81 6 -28112834 -84338502
T 82 149935050 0 7 0
E 82 0 37483777 112451331
E 82 1 37483774 112451323
E 82 2 37483771 112451315
E 82 3 37483769 112451307
E 82 4 37483766 112451299
E 82 5 37483763 112451291
E 82 6 37483761 112451283
T 83 199913455 0 7 0
E 83 0 -49978350 -149935051
E 83 1 -49978353 -149935059
E 83 2 -49978355 -149935067
E 83 3 -49978358 -149935075
E 83 4 -49978361 -149935083
E 83 5 -49978363 -149935091
E 83 6 -49978366 -149935099
T 84 266551223 0 7 0
E 84 0 66637820 199913461
E 84 1 66637817 199913453
E 84 2 66637815 199913445
E 84 3 66637812 199913437
E 84 4 66637809 199913429
E 84 5 66637807 199913421
E 84 6 66637804 199913413
T 85 355401684 0 7 0
E 85 0 -88850407 -266551223
E 85 1 -88850410 -266551231
E 85 2 -88850413 -266551239
E 85 3 -88850415 -266551247
E 85 4 -88850418 -266551255
E 85 5 -88850421 -266551263
E 85 6 -88850423 -266551271
T 86 473868854 0 7 0
E 86 0 118467228 355401684
E 86 1 118467225 355401676
E 86 2 118467222 355401668
E 86 3 118467220 355401660
E 86 4 118467217 355401652
E 86 5 118467214 355401644
E 86 6 118467212 355401636
T 87 631825182 0 7 0
E 87 0 -157956282 -473868846
E 87 1 -157956284 -473868854
E 87 2 -157956287 -473868862
E 87 3 -157956290 -473868870
E 87 4 -157956292 -473868878
E 87 5 -157956295 -473868886
E 87 6 -157956298 -473868894
T 88 842433512 0 7 0
E 88 0 210608392 631825178
E 88 1 210608390 631825170
E 88 2 210608387 631825162
E 88 3 210608384 631825154
E 88 4 210608382 631825146
E 88 5 210608379 631825138
E 88 6 210608376 631825130
T 89 1123244740 0 7 0
E 89 0 -280811171 -842433515
E 89 1 -280811174 -842433523
E 89 2 -280811177 -842433531
E 89 3 -280811179 -842433539
E 89 4 -280811182 -842433547
E 89 5 -280811185 -842433555
E 89 6 -280811187 -842433563
T 90 1497659604 0 7 0
E 90 0 374414915 1123244747
E 90 1 374414913 1123244739
E 90 2 374414910 1123244731
E 90 3 374414907 1123244723
E 90 4 374414905 1123244715
E 90 5 374414902 1123244707
E 90 6 374414899 1123244699
T 91 1996879532 0 7 0
E 91 0 -499219869 -1497659609
E 91 1 -499219872 -1497659617
E 91 2 -499219875 -1497659625
E 91 3 -499219877 -1497659633
E 91 4 -499219880 -1497659641
E 91 5 -499219883 -1497659649
E 91 6 -499219885 -1497659657
T 92 2662505988 0 7 0
E 92 0 665626511 1996879535
E 92 1 665626509 1996879527
E 92 2 665626506 1996879519
E 92 3 665626503 1996879511
E 92 4 665626501 1996879503
E 92 5 665626498 1996879495
E 92 6 665626495 1996879487
T 93 3550008032 0 7 0
E 93 0 -887501994 -2662505984
E 93 1 -887501997 -2662505992
E 93 2 -887502000 -2662506000
E 93 3 -887502002 -2662506008
E 93 4 -887502005 -2662506016
E 93 5 -887502008 -2662506024
E 93 6 -887502010 -2662506032
T 94 4733343984 0 7 0
E 94 0 1183336010 3550008032
E 94 1 1183336008 3550008024
E 94 2 1183336005 3550008016
E 94 3 1183336002 3550008008
E 94 4 1183336000 3550008000
E 94 5 1183335997 3550007992
E 94 6 1183335994 3550007984
T 95 6311125368 0 7 0
E 95 0 -1577781328 -4733343986
E 95 1 -1577781331 -4733343994
E 95 2 -1577781334 -4733344002
E 95 3 -1577781336 -4733344010
E 95 4 -1577781339 -4733344018
E 95 5 -1577781342 -4733344026
E 95 6 -1577781344 -4733344034
T 96 8414833766 0 7 0
E 96 0 2103708456 6311125368
E 96 1 2103708453 6311125360
E 96 2 2103708450 6311125352
E 96 3 2103708448 6311125344
E 96 4 2103708445 6311125336
E 96 5 2103708442 6311125328
E 96 6 2103708440 6311125320
T 97 11219778396 0 7 0
E 97 0 -2804944587 -8414833761
E 97 1 -2804944588 -8414833766
E 97 2 -2804944591 -8414833774
E 97 3 -2804944594 -8414833782
E 97 4 -2804944596 -8414833790
E 97 5 -2804944599 -8414833798
E 97 6 -2804944602 -8414833806
T 98 14959704476 0 7 0
E 98 0 3739926131 11219778393
E 98 1 3739926130 11219778390
E 98 2 3739926127 11219778382
E 98 3 3739926124 11219778374
E 98 4 3739926122 11219778366
E 98 5 3739926119 11219778358
E 98 6 3739926116 11219778350
T 99 19946272675 0 7 0
E 99 0 -4986568159 -14959704478
E 99 1 -4986568159 -14959704478
E 99 2 -4986568162 -14959704486
E 99 3 -4986568164 -14959704494
E 99 4 -4986568167 -14959704502
E 99 5 -4986568170 -14959704510
E 99 6 -4986568172 -14959704518
T 100 26595030194 0 7 0
E 100 0 6648757557 19946272673
E 100 1 6648757558 19946272676
E 100 2 6648757556 19946272668
E 100 3 6648757553 19946272660
E 100 4 6648757550 19946272652
E 100 5 6648757548 19946272644
E 100 6 6648757545 19946272636
T 101 35460040293 0 7 0
E 101 0 -8865010066 -26595030199
E 101 1 -8865010064 -26595030194
E 101 2 -8865010067 -26595030202
E 101 3 -8865010070 -26595030210
E 101 4 -8865010072 -26595030218
E 101 5 -8865010075 -26595030226
E 101 6 -8865010078 -26595030234
T 102 47280053698 0 7 0
E 102 0 11820013431 35460040294
E 102 1 11820013433 35460040299
E 102 2 11820013431 35460040294
E 102 3 11820013428 35460040286
E 102 4 11820013426 35460040278
E 102 5 11820013423 35460040270
E 102 6 11820013420 35460040262
T 103 63040071618 0 7 0
E 103 0 -15760017899 -47280053699
E 103 1 -15760017898 -47280053694
E 103 2 -15760017899 -47280053697
E 103 3 -15760017901 -47280053705
E 103 4 -15760017904 -47280053713
E 103 5 -15760017907 -47280053721
E 103 6 -15760017909 -47280053729
T 104 84053428807 0 7 0
E 104 0 21013357206 63040071619
E 104 1 21013357208 63040071624
E 104 2 21013357208 63040071624
E 104 3 21013357205 63040071616
E 104 4 21013357202 63040071608
E 104 5 21013357200 63040071600
E 104 6 21013357197 63040071592
T 105 112071238414 0 7 0
E 105 0 -28017809601 -84053428804
E 105 1 -28017809599 -84053428799
E 105 2 -28017809598 -84053428796
E 105 3 -28017809601 -84053428804
E 105 4 -28017809604 -84053428812
E 105 5 -28017809606 -84053428820
E 105 6 -28017809609 -84053428828
T 106 149428317879 0 7 0
E 106 0 37357079472 112071238417
E 106 1 37357079474 112071238422
E 106 2 37357079475 112071238427
E 106 3 37357079473 112071238419
E 106 4 37357079470 112071238411
E 106 5 37357079467 112071238403
E 106 6 37357079465 112071238395
T 107 199237757175 0 7 0
E 107 0 -49809439293 -149428317880
E 107 1 -49809439291 -149428317875
E 107 2 -49809439290 -149428317870
E 107 3 -49809439291 -149428317875
E 107 4 -49809439294 -149428317883
E 107 5 -49809439297 -149428317891
E 107 6 -49809439299 -149428317899
T 108 265650342895 0 7 0
E 108 0 66412585724 199237757174
E 108 1 66412585726 199237757179
E 108 2 66412585728 199237757184
E 108 3 66412585727 199237757181
E 108 4 66412585724 199237757173
E 108 5 66412585721 199237757165
E 108 6 66412585719 199237757157
T 109 354200457191 0 7 0
E 109 0 -88550114299 -265650342897
E 109 1 -88550114297 -265650342892
E 109 2 -88550114295 -265650342887
E 109 3 -88550114295 -265650342887
E 109 4 -88550114298 -265650342895
E 109 5 -88550114301 -265650342903
E 109 6 -88550114303 -265650342911
T 110 472267276249 0 7 0
E 110 0 118066819061 354200457184
E 110 1 118066819063 354200457189
E 110 2 118066819064 354200457194
E 110 3 118066819065 354200457197
E 110 4 118066819063 354200457189
E 110 5 118066819060 354200457181
E 110 6 118066819057 354200457173
T 111 629689701658 0 7 0
E 111 0 -157422425417 -472267276252
E 111 1 -157422425415 -472267276247
E 111 2 -157422425414 -472267276242
E 111 3 -157422425412 -472267276237
E 111 4 -157422425415 -472267276245
E 111 5 -157422425417 -472267276253
E 111 6 -157422425420 -472267276261
T 112 839586268892 0 7 0
E 112 0 209896567220 629689701662
E 112 1 209896567222 629689701667
E 112 2 209896567224 629689701672
E 112 3 209896567225 629689701677
E 112 4 209896567224 629689701672
E 112 5 209896567221 629689701664
E 112 6 209896567218 629689701656
T 113 1119448358501 0 7 0
E 113 0 -279862089629 -839586268888
E 113 1 -279862089627 -839586268883
E 113 2 -279862089626 -839586268878
E 113 3 -279862089624 -839586268873
E 113 4 -279862089625 -839586268876
E 113 5 -279862089628 -839586268884
E 113 6 -279862089630 -839586268892
T 114 1492597811352 0 7 0
E 114 0 373149452834 1119448358503
E 114 1 373149452836 1119448358508
E 114 2 373149452837 1119448358513
E 114 3 373149452839 1119448358518
E 114 4 373149452839 1119448358518
E 114 5 373149452836 1119448358510
E 114 6 373149452834 1119448358502
T 115 1990130415116 0 7 0
E 115 0 -497532603784 -1492597811354
E 115 1 -497532603783 -1492597811349
E 115 2 -497532603781 -1492597811344
E 115 3 -497532603779 -1492597811339
E 115 4 -497532603778 -1492597811336
E 115 5 -497532603781 -1492597811344
E 115 6 -497532603784 -1492597811352
T 116 2653507220170 0 7 0
E 116 0 663376805037 1990130415113
E 116 1 663376805039 1990130415118
E 116 2 663376805041 1990130415123
E 116 3 663376805042 1990130415128
E 116 4 663376805044 1990130415133
E 116 5 663376805041 1990130415125
E 116 6 663376805039 1990130415117
T 117 3538009626875 0 7 0
E 117 0 -884502406725 -2653507220176
E 117 1 -884502406723 -2653507220171
E 117 2 -884502406722 -2653507220166
E 117 3 -884502406720 -2653507220161
E 117 4 -884502406718 -2653507220156
E 117 5 -884502406720 -2653507220161
E 117 6 -884502406723 -2653507220169
T 118 4717346169189 0 7 0
E 118 0 1179336542291 3538009626875
E 118 1 1179336542293 3538009626880
E 118 2 1179336542295 3538009626885
E 118 3 1179336542296 3538009626890
E 118 4 1179336542298 3538009626895
E 118 5 1179336542297 3538009626892
E 118 6 1179336542294 3538009626884
T 119 6289794892231 0 7 0
E 119 0 -1572448723065 -4717346169196
E 119 1 -1572448723063 -4717346169191
E 119 2 -1572448723062 -4717346169186
E 119 3 -1572448723060 -4717346169181
E 119 4 -1572448723058 -4717346169176
E 119 5 -1572448723058 -4717346169176
E 119 6 -1572448723061 -4717346169184
T 120 8386393189673 0 7 0
E 120 0 2096598297411 6289794892234
E 120 1 2096598297413 6289794892239
E 120 2 2096598297414 6289794892244
E 120 3 2096598297416 6289794892249
E 120 4 2096598297418 6289794892254
E 120 5 2096598297419 6289794892257
E 120 6 2096598297416 6289794892249
T 121 11181857586207 0 7 0
E 121 0 -2795464396560 -8386393189680
E 121 1 -2795464396558 -8386393189675
E 121 2 -2795464396556 -8386393189670
E 121 3 -2795464396555 -8386393189665
E 121 4 -2795464396553 -8386393189660
E 121 5 -2795464396551 -8386393189655
E 121 6 -2795464396554 -8386393189663
T 122 14909143448301 0 7 0
E 122 0 3727285862068 11181857586204
E 122 1 3727285862069 11181857586209
E 122 2 3727285862071 11181857586214
E 122 3 3727285862073 11181857586219
E 122 4 3727285862074 11181857586224
E 122 5 3727285862076 11181857586229
E 122 6 3727285862074 11181857586224
T 123 19878857931036 0 7 0
E 123 0 -4969714482767 -14909143448303
E 123 1 -4969714482766 -14909143448298
E 123 2 -4969714482764 -14909143448293
E 123 3 -4969714482762 -14909143448288
E 123 4 -4969714482761 -14909143448283
E 123 5 -4969714482759 -14909143448278
E 123 6 -4969714482760 -14909143448281
X 124
F 726 65612295669022 0 111 11 0 0 1
