== CANARY 1: N<=2 must be identical across topologies ==
  PASS: N<=2 identical across all 3 topologies x K
== CANARY 2: F7 replay (K=4, all_to_all, mean of 5 seeds) ==
       N |    true% |   events |  F7true% |     F7ev
       2 |     91.0 |     2042 |     91.0 |     2041  OK
       3 |     34.5 |     6415 |     34.5 |     6415  OK
       4 |     12.2 |    10408 |     12.2 |    10408  OK
       5 |      9.7 |    15026 |      9.7 |    15025  OK
       6 |      9.9 |    19339 |      9.9 |    19338  OK
  F7 replay OK

== MAIN: interference, per-seed true-residency permille ==
       N |        K |     topo |       s1 |       s7 |      s42 |    s1999 | s2s260902 |    mean% |     allW |   evMean | debtMean |     canc
       1 |        1 | all_to_all |      963 |      968 |      962 |      955 |      964 |     96.2 |     96.2 |     1508 |    24155 |        0
       1 |        1 |     ring |      963 |      968 |      962 |      955 |      964 |     96.2 |     96.2 |     1508 |    24155 |        0
       1 |        1 |     star |      963 |      968 |      962 |      955 |      964 |     96.2 |     96.2 |     1508 |    24155 |        0
       1 |        2 | all_to_all |      987 |      989 |      986 |      987 |      988 |     98.7 |     98.7 |     1049 |    16650 |        0
       1 |        2 |     ring |      987 |      989 |      986 |      987 |      988 |     98.7 |     98.7 |     1049 |    16650 |        0
       1 |        2 |     star |      987 |      989 |      986 |      987 |      988 |     98.7 |     98.7 |     1049 |    16650 |        0
       1 |        8 | all_to_all |      979 |      973 |      979 |      977 |      977 |     97.7 |     97.7 |      716 |    11617 |       18
       1 |        8 |     ring |      979 |      973 |      979 |      977 |      977 |     97.7 |     97.7 |      716 |    11617 |       18
       1 |        8 |     star |      979 |      973 |      979 |      977 |      977 |     97.7 |     97.7 |      716 |    11617 |       18
       2 |        1 | all_to_all |      930 |      930 |      928 |      922 |      933 |     92.9 |     92.8 |     2163 |    36998 |       20
       2 |        1 |     ring |      930 |      930 |      928 |      922 |      933 |     92.9 |     92.8 |     2163 |    36998 |       20
       2 |        1 |     star |      930 |      930 |      928 |      922 |      933 |     92.9 |     92.8 |     2163 |    36998 |       20
       2 |        2 | all_to_all |      938 |      941 |      940 |      935 |      938 |     93.8 |     91.4 |     1988 |    33908 |       14
       2 |        2 |     ring |      938 |      941 |      940 |      935 |      938 |     93.8 |     91.4 |     1988 |    33908 |       14
       2 |        2 |     star |      938 |      941 |      940 |      935 |      938 |     93.8 |     91.4 |     1988 |    33908 |       14
       2 |        8 | all_to_all |      902 |      901 |      908 |      900 |      902 |     90.3 |     78.2 |     2096 |    36079 |      396
       2 |        8 |     ring |      902 |      901 |      908 |      900 |      902 |     90.3 |     78.2 |     2096 |    36079 |      396
       2 |        8 |     star |      902 |      901 |      908 |      900 |      902 |     90.3 |     78.2 |     2096 |    36079 |      396
       3 |        1 | all_to_all |      231 |      232 |      231 |      226 |      230 |     23.0 |     21.1 |     6524 |   121426 |      738
       3 |        1 |     ring |      964 |      964 |      964 |      963 |      964 |     96.4 |     96.0 |     2937 |    48454 |       10
       3 |        1 |     star |      931 |      935 |      932 |      926 |      936 |     93.2 |     93.2 |     2498 |    43154 |       11
       3 |        2 | all_to_all |      335 |      327 |      323 |      322 |      332 |     32.8 |     16.4 |     6396 |   121487 |       25
       3 |        2 |     ring |      952 |      954 |      953 |      953 |      953 |     95.3 |     82.4 |     2917 |    49238 |       79
       3 |        2 |     star |      903 |      902 |      897 |      903 |      895 |     90.0 |     87.4 |     2567 |    44520 |       45
       3 |        8 | all_to_all |      361 |      354 |      349 |      365 |      360 |     35.8 |     13.9 |     6418 |   122209 |      296
       3 |        8 |     ring |      945 |      938 |      942 |      943 |      939 |     94.1 |     72.1 |     2944 |    50644 |      402
       3 |        8 |     star |      852 |      853 |      849 |      854 |      851 |     85.2 |     77.3 |     2796 |    48711 |      314
       4 |        1 | all_to_all |      104 |      107 |      104 |      106 |      104 |     10.5 |      5.9 |    10240 |   230118 |      356
       4 |        1 |     ring |      964 |      963 |      962 |      962 |      964 |     96.3 |     95.6 |     3764 |    64031 |       16
       4 |        1 |     star |      889 |      889 |      892 |      887 |      891 |     89.0 |     88.7 |     2797 |    49040 |        4
       4 |        2 | all_to_all |      130 |      126 |      130 |      130 |      129 |     12.9 |      4.3 |    10465 |   236478 |      249
       4 |        2 |     ring |      903 |      901 |      909 |      908 |      900 |     90.4 |     78.6 |     4190 |    73911 |       13
       4 |        2 |     star |      815 |      813 |      808 |      820 |      802 |     81.2 |     77.6 |     3323 |    60177 |       55
       4 |        8 | all_to_all |      123 |      124 |      124 |      126 |      129 |     12.5 |      3.8 |    10407 |   234727 |      327
       4 |        8 |     ring |      898 |      895 |      895 |      893 |      893 |     89.5 |     72.8 |     4320 |    75339 |      606
       4 |        8 |     star |      760 |      752 |      752 |      747 |      760 |     75.4 |     67.2 |     3635 |    64549 |      292
       5 |        1 | all_to_all |       94 |       94 |       96 |       94 |       93 |      9.4 |      1.5 |    15066 |   382881 |      265
       5 |        1 |     ring |      970 |      971 |      970 |      971 |      971 |     97.1 |     77.7 |     5284 |    91863 |        4
       5 |        1 |     star |      862 |      864 |      876 |      866 |      862 |     86.6 |     86.2 |     3175 |    57460 |        1
       5 |        2 | all_to_all |      108 |      107 |      111 |      110 |      106 |     10.8 |      0.9 |    15019 |   393521 |      126
       5 |        2 |     ring |      855 |      863 |      860 |      866 |      855 |     86.0 |     56.6 |     6291 |   116825 |        9
       5 |        2 |     star |      765 |      766 |      765 |      782 |      760 |     76.8 |     70.5 |     4912 |    95034 |       45
       5 |        8 | all_to_all |       98 |       99 |       99 |      101 |       97 |      9.9 |      0.9 |    15037 |   383588 |      204
       5 |        8 |     ring |      888 |      879 |      883 |      883 |      883 |     88.3 |     59.7 |     5819 |   103519 |      174
       5 |        8 |     star |      665 |      669 |      668 |      661 |      681 |     66.9 |     56.3 |     5183 |    95299 |      222
       6 |        1 | all_to_all |      143 |      134 |      135 |      137 |      147 |     13.9 |      0.2 |    19379 |   606499 |      126
       6 |        1 |     ring |      771 |      760 |      762 |      756 |      748 |     75.9 |     53.5 |     8426 |   205817 |        0
       6 |        1 |     star |      803 |      812 |      823 |      821 |      802 |     81.2 |     79.1 |     5036 |   113877 |        0
       6 |        2 | all_to_all |      171 |      162 |      156 |      173 |      149 |     16.2 |      0.2 |    20003 |   667598 |       66
       6 |        2 |     ring |      717 |      705 |      668 |      694 |      688 |     69.4 |     43.0 |    10381 |   242959 |       55
       6 |        2 |     star |      581 |      608 |      612 |      589 |      571 |     59.2 |     49.8 |    11106 |   326962 |        7
       6 |        8 | all_to_all |      101 |      101 |      102 |      100 |      102 |     10.1 |      0.2 |    19321 |   553952 |      183
       6 |        8 |     ring |      829 |      823 |      829 |      829 |      822 |     82.6 |     58.3 |     7589 |   138405 |      602
       6 |        8 |     star |      620 |      623 |      624 |      635 |      637 |     62.8 |     48.9 |     7628 |   145703 |      155

== REFERENCE: sequential arm (T1-priority), mean of 5 seeds ==
       N |     topo |    true% |     allW |   events |     debt
       1 | all_to_all |    100.0 |    100.0 |      527 |     8429
       1 |     ring |    100.0 |    100.0 |      527 |     8429
       1 |     star |    100.0 |    100.0 |      527 |     8429
       2 | all_to_all |     78.4 |     51.3 |     2553 |    48995
       2 |     ring |     78.4 |     51.3 |     2553 |    48995
       2 |     star |     78.4 |     51.3 |     2553 |    48995
       3 | all_to_all |     53.1 |      6.9 |     4576 |   105857
       3 |     ring |     78.4 |     51.3 |     2553 |    48995
       3 |     star |     78.4 |     51.3 |     2553 |    48995
       4 | all_to_all |     51.4 |      1.9 |     4741 |   109694
       4 |     ring |     78.4 |     51.3 |     2553 |    48995
       4 |     star |     78.4 |     51.3 |     2553 |    48995
       5 | all_to_all |     50.9 |      0.4 |     4788 |   110861
       5 |     ring |     78.4 |     51.3 |     2553 |    48995
       5 |     star |     78.4 |     51.3 |     2553 |    48995
       6 | all_to_all |     50.9 |      0.2 |     4791 |   110929
       6 |     ring |     78.4 |     51.3 |     2553 |    48995
       6 |     star |     78.4 |     51.3 |     2553 |    48995
