== CANARY A: run2(reality) byte-identical to run_fabric ==
  PASS: 8/8 configs full-dict identical

== CANARY B: spin-4 replay (ladder N=6, mean of 5 seeds) ==
   spread |         K |     true% |   s4true%
        0 |         1 |      77.3 |      77.3  OK
        0 |         2 |      50.0 |      50.0  OK
        0 |         8 |      69.0 |      69.0  OK
        5 |         1 |      97.6 |      97.6  OK
        5 |         2 |      84.9 |      84.9  OK
        5 |         8 |      90.2 |      90.2  OK
       15 |         1 |      71.5 |      71.5  OK
       15 |         2 |      60.0 |      60.0  OK
       15 |         8 |      70.7 |      70.7  OK
  spin-4 replay OK

== N1 SLOPE-LAW: pm vs K across channel slope sigma (lats=[0,10], stress, pd=3) ==
  channel |         K |        s1 |        s7 |       s42 |     s1999 |     s2026 |     mean% |    evMean |  debtMean |      maxE
e1ramp~1.6 |         1 |       930 |       930 |       928 |       922 |       933 |      92.9 |      2163 |     36998 |        33
e1ramp~1.6 |         2 |       938 |       941 |       940 |       935 |       938 |      93.8 |      1988 |     33908 |        34
e1ramp~1.6 |         4 |       905 |       908 |       911 |       918 |       909 |      91.0 |      2042 |     34996 |        34
e1ramp~1.6 |         8 |       902 |       901 |       908 |       900 |       902 |      90.3 |      2096 |     36079 |        36
     tri2 |         1 |       937 |       939 |       936 |       935 |       942 |      93.8 |      2844 |     44092 |        16
     tri2 |         2 |       896 |       895 |       889 |       890 |       894 |      89.3 |      2881 |     44331 |        17
     tri2 |         4 |       863 |       863 |       865 |       870 |       857 |      86.4 |      2938 |     45820 |        21
     tri2 |         8 |       890 |       884 |       895 |       887 |       893 |      89.0 |      2924 |     45361 |        20
     tri3 |         1 |       134 |       145 |       133 |       144 |       138 |      13.9 |      6255 |    109874 |        18
     tri3 |         2 |       401 |       390 |       388 |       400 |       390 |      39.4 |      6135 |    109120 |        24
     tri3 |         4 |       414 |       419 |       419 |       420 |       421 |      41.9 |      6137 |    109167 |        26
     tri3 |         8 |       446 |       460 |       448 |       467 |       457 |      45.6 |      6167 |    109333 |        27
     tri4 |         1 |        51 |        52 |        51 |        51 |        54 |       5.2 |      7870 |    168427 |        22
     tri4 |         2 |        50 |        53 |        50 |        51 |        49 |       5.1 |      8297 |    172930 |        29
     tri4 |         4 |        63 |        71 |        67 |        62 |        69 |       6.6 |      8368 |    173892 |        29
     tri4 |         8 |        69 |        74 |        71 |        70 |        71 |       7.1 |      8446 |    174679 |        30
     tri6 |         1 |        36 |        36 |        34 |        34 |        35 |       3.5 |      9270 |    274354 |        36
     tri6 |         2 |        31 |        32 |        31 |        32 |        33 |       3.2 |      9276 |    274455 |        37
     tri6 |         4 |        30 |        30 |        28 |        32 |        31 |       3.0 |      9274 |    274522 |        40
     tri6 |         8 |        31 |        31 |        30 |        31 |        30 |       3.1 |      9274 |    274526 |        39
     tri8 |         1 |        24 |        25 |        25 |        24 |        25 |       2.5 |      9349 |    366732 |        47
     tri8 |         2 |        22 |        22 |        23 |        22 |        23 |       2.2 |      9351 |    366796 |        49
     tri8 |         4 |        22 |        22 |        21 |        21 |        22 |       2.2 |      9353 |    366903 |        52
     tri8 |         8 |        21 |        21 |        22 |        21 |        21 |       2.1 |      9351 |    366886 |        51
    tri16 |         1 |         8 |         8 |         8 |         8 |         8 |       0.8 |      9480 |    735533 |        91
    tri16 |         2 |         8 |         8 |         8 |         8 |         9 |       0.8 |      9477 |    735527 |        90
    tri16 |         4 |         9 |         8 |         9 |         8 |         9 |       0.9 |      9472 |    735532 |        95
    tri16 |         8 |         8 |         8 |         8 |         9 |        10 |       0.9 |      9472 |    735540 |        95

-- N1 sequential reference (impulse, no memory) --
  channel |     mean% |    evMean |  debtMean |      maxE
e1ramp~1.6 |      78.4 |      2553 |     48995 |        61
     tri2 |      57.2 |      4266 |     84911 |        20
     tri3 |      52.3 |      4637 |    136929 |        30
     tri4 |      51.5 |      4683 |    183385 |        40
     tri6 |      51.2 |      4731 |    275490 |        60
     tri8 |      54.8 |      4751 |    343799 |        80
    tri16 |      81.3 |      4789 |    332965 |       160

-- N1 verdict input: pm(K=8)-pm(K=1) per channel --
    e1ramp~1.6: -2.6 pp   (K1 92.9 -> K8 90.3)
          tri2: -4.8 pp   (K1 93.8 -> K8 89.0)
          tri3: +31.7 pp   (K1 13.9 -> K8 45.6)
          tri4: +1.9 pp   (K1 5.2 -> K8 7.1)
          tri6: -0.4 pp   (K1 3.5 -> K8 3.1)
          tri8: -0.3 pp   (K1 2.5 -> K8 2.1)
         tri16: +0.1 pp   (K1 0.8 -> K8 0.9)

== N2 ORIGIN-DIP: fine spreads 0..5 + phase-offset ring@1 (N=6, stress, K in {1,2,8}) ==
     lats |         K |     mean% |      allW |    evMean |  debtMean |      canc
     lad0 |         1 |      77.3 |     182.4 |      8756 |    187834 |         0
     lad0 |         2 |      50.0 |     315.2 |     15133 |    511660 |        17
     lad0 |         8 |      69.0 |     207.5 |      9964 |    195470 |       806
     lad1 |         1 |      89.3 |     109.0 |      5232 |     87410 |         0
     lad1 |         2 |      61.8 |     248.5 |     11928 |    346296 |        18
     lad1 |         8 |      75.7 |     167.0 |      8020 |    148487 |       521
     lad2 |         1 |      92.1 |      90.6 |      4349 |     76022 |         3
     lad2 |         2 |      71.3 |     196.1 |      9414 |    242221 |        13
     lad2 |         8 |      80.4 |     142.7 |      6854 |    123880 |       383
     lad3 |         1 |      96.4 |      69.2 |      3322 |     53693 |         0
     lad3 |         2 |      72.1 |     193.2 |      9278 |    238369 |        14
     lad3 |         8 |      82.7 |     133.0 |      6386 |    113114 |       238
     lad5 |         1 |      97.6 |      54.1 |      2598 |     43929 |         3
     lad5 |         2 |      84.9 |     120.2 |      5773 |    147001 |         8
     lad5 |         8 |      90.2 |      86.9 |      4172 |     71893 |       204
ring1[0, 1, 0, 1, 0, 1] |         1 |      89.3 |     109.0 |      5232 |     87410 |         0
ring1[0, 1, 0, 1, 0, 1] |         2 |      61.8 |     248.5 |     11928 |    346296 |        18
ring1[0, 1, 0, 1, 0, 1] |         8 |      75.7 |     167.0 |      8020 |    148487 |       521
cohort1[0, 0, 0, 1, 1, 1] |         1 |      89.3 |     109.0 |      5232 |     87410 |         0
cohort1[0, 0, 0, 1, 1, 1] |         2 |      61.8 |     248.5 |     11928 |    346296 |        18
cohort1[0, 0, 0, 1, 1, 1] |         8 |      75.7 |     167.0 |      8020 |    148487 |       521
