== CANARY A: spread=0 identical across variants (seed 1) ==
  PASS: spread=0 byte-identical across variants x K
== CANARY B: spin3 replay (N=6, K=8, mean of 5 seeds) ==
  config |    true% |   events |  s3true% |     s3ev
    ring |     82.6 |     7589 |     82.6 |     7589  OK
all_to_all |     10.1 |    19321 |     10.1 |    19321  OK
  spin3 replay OK

== MAIN: N=6 interference, per-seed true-residency permille ==
  spread |        K |  variant |       s1 |       s7 |      s42 |    s1999 | s2s60902 |    mean% |     allW |   evMean | debtMean |     canc
       0 |        1 |   ladder |      791 |      755 |      775 |      780 |      762 |     77.3 |     77.3 |     8756 |   187834 |        0
       0 |        1 |   cohort |      791 |      755 |      775 |      780 |      762 |     77.3 |     77.3 |     8756 |   187834 |        0
       0 |        2 |   ladder |      523 |      521 |      505 |      453 |      496 |     50.0 |     50.0 |    15133 |   511660 |       17
       0 |        2 |   cohort |      523 |      521 |      505 |      453 |      496 |     50.0 |     50.0 |    15133 |   511660 |       17
       0 |        8 |   ladder |      686 |      689 |      703 |      681 |      691 |     69.0 |     69.0 |     9964 |   195470 |      806
       0 |        8 |   cohort |      686 |      689 |      703 |      681 |      691 |     69.0 |     69.0 |     9964 |   195470 |      806
       5 |        1 |   ladder |      970 |      980 |      977 |      977 |      974 |     97.6 |     96.4 |     2598 |    43929 |        3
       5 |        1 |   cohort |      991 |      991 |      989 |      991 |      987 |     99.0 |     97.7 |     2493 |    45644 |        0
       5 |        2 |   ladder |      870 |      876 |      852 |      838 |      807 |     84.9 |     80.5 |     5773 |   147001 |        8
       5 |        2 |   cohort |      750 |      783 |      768 |      758 |      796 |     77.1 |     69.8 |     8278 |   241738 |       22
       5 |        8 |   ladder |      908 |      893 |      903 |      908 |      896 |     90.2 |     80.4 |     4172 |    71893 |      204
       5 |        8 |   cohort |      891 |      888 |      883 |      881 |      896 |     88.8 |     77.3 |     5023 |    90356 |      695
      10 |        1 |   ladder |      931 |      931 |      940 |      930 |      942 |     93.5 |     92.3 |     3805 |    89075 |        1
      10 |        1 |   cohort |      771 |      760 |      762 |      756 |      748 |     75.9 |     53.5 |     8426 |   205817 |        0
      10 |        2 |   ladder |      918 |      891 |      913 |      898 |      867 |     89.7 |     81.5 |     4235 |   103869 |       30
      10 |        2 |   cohort |      717 |      705 |      668 |      694 |      688 |     69.4 |     43.0 |    10381 |   242959 |       55
      10 |        8 |   ladder |      908 |      902 |      918 |      908 |      905 |     90.8 |     76.5 |     3463 |    60909 |      352
      10 |        8 |   cohort |      829 |      823 |      829 |      829 |      822 |     82.6 |     58.3 |     7589 |   138405 |      602
      15 |        1 |   ladder |      709 |      713 |      721 |      714 |      717 |     71.5 |     36.4 |     5792 |   106378 |        4
      15 |        1 |   cohort |      572 |      572 |      571 |      569 |      573 |     57.1 |     14.0 |    12625 |   299487 |        0
      15 |        2 |   ladder |      603 |      623 |      599 |      591 |      586 |     60.0 |     24.9 |     9481 |   259758 |      112
      15 |        2 |   cohort |      423 |      425 |      421 |      388 |      434 |     41.8 |     10.5 |    17158 |   563178 |      160
      15 |        8 |   ladder |      705 |      710 |      709 |      714 |      697 |     70.7 |     26.7 |     6265 |   114005 |      255
      15 |        8 |   cohort |      617 |      614 |      612 |      612 |      617 |     61.4 |     17.5 |    12839 |   263156 |      249
      20 |        1 |   ladder |      490 |      481 |      497 |      498 |      496 |     49.2 |     20.1 |    10028 |   213323 |      480
      20 |        1 |   cohort |      499 |      494 |      485 |      503 |      484 |     49.3 |      6.0 |    14756 |   476472 |        0
      20 |        2 |   ladder |      476 |      479 |      474 |      480 |      475 |     47.7 |     13.3 |    10840 |   228524 |       88
      20 |        2 |   cohort |      390 |      386 |      385 |      378 |      387 |     38.5 |      6.2 |    17858 |   536993 |      159
      20 |        8 |   ladder |      430 |      427 |      428 |      433 |      440 |     43.2 |     12.6 |     9774 |   186522 |      214
      20 |        8 |   cohort |      476 |      473 |      473 |      473 |      469 |     47.3 |      8.9 |    16591 |   369252 |      252
      30 |        1 |   ladder |      264 |      253 |      266 |      281 |      274 |     26.8 |      4.2 |    14952 |   366275 |       76
      30 |        1 |   cohort |      492 |      495 |      500 |      483 |      494 |     49.3 |      6.3 |    14746 |   655994 |        0
      30 |        2 |   ladder |      267 |      297 |      300 |      287 |      293 |     28.9 |      2.0 |    16776 |   497142 |       69
      30 |        2 |   cohort |      332 |      322 |      345 |      354 |      312 |     33.3 |      3.5 |    19980 |   787604 |      108
      30 |        8 |   ladder |      138 |      137 |      136 |      147 |      141 |     14.0 |      2.5 |    14804 |   324841 |      169
      30 |        8 |   cohort |      213 |      211 |      220 |      222 |      217 |     21.7 |      6.3 |    22735 |   575741 |      406

== CONTROL: spread=30 ladder at N in {2,3,6}, interference ==
       N |        K |     lats |    mean% |     allW |   evMean | debtMean
       2 |        1 |  [0, 30] |     12.4 |     10.6 |     8245 |   192533
       2 |        2 |  [0, 30] |     14.5 |      9.9 |     8192 |   192284
       2 |        8 |  [0, 30] |     14.1 |      8.6 |     8172 |   192272
       3 |        1 | [0, 15, 30] |     10.0 |      5.8 |     8743 |   204296
       3 |        2 | [0, 15, 30] |     12.4 |      4.7 |     8699 |   204501
       3 |        8 | [0, 15, 30] |     12.7 |      4.1 |     8665 |   204158
       6 |        1 | [0, 6, 12, 18, 24, 30] |     26.8 |      4.2 |    14952 |   366275
       6 |        2 | [0, 6, 12, 18, 24, 30] |     28.9 |      2.0 |    16776 |   497142
       6 |        8 | [0, 6, 12, 18, 24, 30] |     14.0 |      2.5 |    14804 |   324841

== REFERENCE: sequential arm, mean of 5 seeds (ladder) ==
  spread |    true% |     allW |   events |     debt
       0 |    100.0 |    100.0 |      527 |     8429
       5 |     99.2 |     98.0 |      815 |    15118
      10 |     85.0 |     60.7 |     2317 |    42395
      15 |     62.6 |     17.1 |     4109 |    78019
      20 |     55.8 |      7.9 |     4566 |    89562
      30 |     57.6 |      1.9 |     4747 |    98773
